# RUN |HMS EVENTS |SHMS EVENTS |HMS TRACK   |E TRACK       |SHMS TRACK   |H TRACK      |PI TRACK     |K TRACK      |p TRACK     |ACC EDTM |TRIG1|TRIG3|PS1|PS3|TIME |CHARGE    |pTrig1   |pTrig3  |COMP LT    |HMS ELEC LT   |SHMS ELEC LT |SENT EDTM
#    | UNCERTAINTIES FOLLOW THE VALUES (i.e. TWICE AS MANY COLUMNS AS INDICATED) |
#
# carbon runs [hmstheta=12.53deg and shmstheta=6.495deg] (5154-58)
#
# 5150 55 uA 
# 5151 JUNK
# 5152 PS1=10
# 5153 PS2=7
# 5154 22425 150 40005905 6325 0.9224 0.0610 0.9721 0.1035 0.8756 0.0038 0.8949 0.0045 0.9011 0.0059 0.8907 0.0077 0.8671 0.0154 28404568 257 65 726.515 38024.455 200972011 48326837 0.9822 0.0018 0.9963 0.0010 0.9823 0.0016 7986135
# 5155 14289 120 39538936 6288 0.9085 0.0514 0.9874 0.0908 0.8849 0.0037 0.9042 0.0044 0.9109 0.0058 0.8958 0.0076 0.8902 0.0154 54408306 257 33 750.204 33345.633 173437030 43120135 0.9907 0.0016 0.9968 0.0010 0.9859 0.0015 7693688
# 5156 7722 88 24811344 4981 0.9054 0.0683 0.9530 0.1118 0.9066 0.0032 0.9251 0.0038 0.9308 0.0049 0.9201 0.0066 0.9036 0.0130 30947994 129 33 722.303 21634.859 110241609 30036146 0.9928 0.0017 0.9977 0.0009 0.9903 0.0014 7223162
# 5157 2176 47 12624690 3553 0.8873 0.0887 0.9884 0.1512 0.9284 0.0031 0.9466 0.0036 0.9517 0.0047 0.9409 0.0064 0.9320 0.0124 31901875 65 17 711.311 10530.525 55788836 18675086 0.9485 0.0015 0.9988 0.0008 0.9951 0.0011 7587561
# 5158 243 16 4457244 2111 0.8676 0.1544 1.0000 0.3780 0.9415 0.0036 0.9606 0.0042 0.9659 0.0055 0.9561 0.0076 0.9388 0.0144 32333964 33 9 725.832 3618.837 23416504 11071779 0.9777 0.0016 0.9995 0.0005 0.9983 0.0008 7258448
#
# LH2 runs [hmstheta=12.53deg and shmstheta=6.495deg] (5150, 5160-63, 5166)
#
# 5160 69402 263 75506931 8689 0.8590 0.0433 0.9486 0.0796 0.7638 0.0047 0.7862 0.0056 0.7893 0.0071 0.7883 0.0100 0.7438 0.0216 18858258 513 129 792.650 42125.422 677258190 94999863 0.9748 0.0016 0.9930 0.0012 0.9487 0.0020 8390759
# 5161 48295 220 84952800 9217 0.8601 0.0360 0.9583 0.0659 0.7960 0.0042 0.8167 0.0050 0.8284 0.0066 0.7997 0.0084 0.7997 0.0189 40659548 513 65 825.124 36355.831 542096343 82639003 0.9629 0.0014 0.9943 0.0011 0.9610 0.0018 8594139
# 5162 29900 173 55739959 7466 0.8883 0.0490 0.9664 0.0894 0.8485 0.0033 0.8671 0.0040 0.8770 0.0051 0.8544 0.0069 0.8389 0.0149 25710050 257 65 744.134 22177.452 309749559 52749668 0.9752 0.0016 0.9960 0.0011 0.9746 0.0017 7663151
# 5163 7821 88 30577257 5530 0.8931 0.0634 0.9714 0.1170 0.8990 0.0029 0.9153 0.0035 0.9195 0.0044 0.9119 0.0063 0.8924 0.0130 28847226 129 33 704.488 10395.134 138046817 28508471 0.9616 0.0016 0.9979 0.0009 0.9880 0.0014 7468444
# 5166 1054 32 11599965 3406 0.9091 0.1256 1.0000 0.2425 0.9344 0.0032 0.9502 0.0038 0.9550 0.0048 0.9448 0.0069 0.9303 0.0140 35596353 65 17 785.207 3661.608 50194716 15063391 0.9909 0.0017 0.9992 0.0007 0.9958 0.0011 7852204
#
# LH2 runs [hmstheta=14.93deg and shmstheta=6.495deg] (5167-71)
#
# 5167 37323 193 181997975 13491 0.9803 0.0369 0.9881 0.0510 0.7442 0.0042 0.7587 0.0050 0.7610 0.0063 0.7605 0.0094 0.7369 0.0165 121311397 1025 33 1016.786 54695.385 1165249964 40991940 0.9764 0.0014 0.9978 0.0008 0.9343 0.0020 10768342
# 5168 19470 140 112728672 10617 0.9755 0.0499 0.9802 0.0692 0.7918 0.0036 0.8021 0.0042 0.8069 0.0053 0.7963 0.0079 0.7858 0.0140 58520361 513 33 774.516 33839.523 693387601 27083900 0.9417 0.0015 0.9982 0.0008 0.9475 0.0020 8458910
# 5169 10914 104 106021710 10297 0.9776 0.0477 0.9955 0.0666 0.8401 0.0035 0.8484 0.0040 0.8531 0.0050 0.8421 0.0077 0.8335 0.0133 141542207 513 17 744.712 21837.524 436106529 20289744 0.9953 0.0016 0.9987 0.0008 0.9663 0.0018 8222558
# 5170 3723 61 59232589 7696 0.9807 0.0790 0.9936 0.1127 0.8983 0.0030 0.9067 0.0035 0.9113 0.0044 0.9005 0.0068 0.8924 0.0112 94636247 257 17 754.574 11129.027 221591231 16039343 0.9773 0.0016 0.9993 0.0006 0.9837 0.0015 9841695
# 5171 576 24 22271275 4719 0.9588 0.1391 0.9600 0.1940 0.9399 0.0023 0.9478 0.0027 0.9520 0.0034 0.9428 0.0053 0.9329 0.0086 59340019 65 9 787.962 3810.362 77022965 9955570 0.9845 0.0015 0.9997 0.0004 0.9940 0.0012 7879760
#
# carbon runs [hmstheta=14.93deg and shmstheta=6.495deg] (5175-76, 5178-79, 5181)
#
# 5175 3312 58 35568260 5964 0.9827 0.0612 0.9923 0.0872 0.8771 0.0020 0.8871 0.0023 0.8907 0.0030 0.8847 0.0044 0.8721 0.0071 17573640 65 9 826.961 43860.842 344365425 24261656 0.4336 0.0004 0.9987 0.0007 0.9753 0.0016 10107761
# 5176 2970 54 33212985 5763 0.9725 0.0637 0.9918 0.0900 0.8902 0.0020 0.8995 0.0024 0.9039 0.0030 0.8946 0.0045 0.8869 0.0071 20337550 65 9 740.187 32922.846 255937279 18439610 0.4988 0.0005 0.9988 0.0008 0.9799 0.0016 7805144
# 5178 2340 48 31940025 5652 0.9810 0.0726 1.0000 0.1085 0.9115 0.0020 0.9213 0.0023 0.9258 0.0030 0.9160 0.0044 0.9091 0.0070 35104388 65 9 707.360 21088.532 164282597 14217940 0.7274 0.0008 0.9991 0.0007 0.9868 0.0014 7382190
# 5179 981 31 21958430 4686 0.9937 0.1116 0.9873 0.1576 0.9348 0.0024 0.9442 0.0027 0.9485 0.0035 0.9401 0.0052 0.9302 0.0081 49043192 65 9 705.684 10463.018 84444714 11455061 0.9414 0.0013 0.9996 0.0005 0.9932 0.0012 8070926
# 5181 117 11 8885481 2981 1.0000 0.2673 1.0000 0.4082 0.9513 0.0026 0.9608 0.0030 0.9651 0.0038 0.9563 0.0058 0.9469 0.0089 35126634 33 9 794.309 3869.208 35521107 9179153 0.9710 0.0015 0.9998 0.0003 0.9975 0.0009 7943234
############################################# DAVE'S CALIBRATIONS
#
# carbon runs [hmstheta=12.53deg and shmstheta=6.495deg] (5154-58)
#
# 5154 138185 372 61968 249 0.8992 0.0029 0.9729 0.0049 0.8777 0.0038 0.8968 0.0045 0.9024 0.0060 0.8929 0.0078 0.8720 0.0157 112510 257 65 726.515 38024.455 200972011 48326837 0.9822 0.0018 0.9963 0.0010 0.9823 0.0016 7986135
# 5155 240589 490 60239 245 0.9065 0.0022 0.9766 0.0037 0.8874 0.0039 0.9066 0.0047 0.9131 0.0061 0.8986 0.0080 0.8913 0.0163 214703 257 33 750.204 33345.633 173437030 43120135 0.9907 0.0016 0.9968 0.0010 0.9859 0.0015 7693688
# 5156 156659 396 94076 307 0.8972 0.0027 0.9816 0.0045 0.9081 0.0032 0.9266 0.0038 0.9324 0.0050 0.9217 0.0067 0.9032 0.0132 241120 129 33 722.303 21634.859 110241609 30036146 0.9928 0.0017 0.9977 0.0009 0.9903 0.0014 7223162
# 5157 150633 388 108943 330 0.9108 0.0028 0.9866 0.0046 0.9294 0.0031 0.9479 0.0037 0.9529 0.0047 0.9425 0.0064 0.9329 0.0125 487182 65 17 711.311 10530.525 55788836 18675086 0.9485 0.0015 0.9988 0.0008 0.9951 0.0011 7587561
# 5158 92157 304 83592 289 0.9188 0.0034 0.9904 0.0057 0.9426 0.0036 0.9616 0.0043 0.9664 0.0055 0.9582 0.0076 0.9394 0.0145 957651 33 9 725.832 3618.837 23416504 11071779 0.9777 0.0016 0.9995 0.0005 0.9983 0.0008 7258448
#
# LH2 runs [hmstheta=12.53deg and shmstheta=6.495deg] (5150, 5160-63, 5166)
#
# 5160 130424 361 30800 175 0.8814 0.0029 0.9539 0.0052 0.7672 0.0046 0.7893 0.0056 0.7916 0.0071 0.7900 0.0099 0.7631 0.0218 39680 513 129 792.650 42125.422 677258190 94999863 0.9748 0.0016 0.9930 0.0012 0.9487 0.0020 8390759
# 5161 219343 468 36843 192 0.8767 0.0022 0.9620 0.0039 0.8012 0.0044 0.8221 0.0053 0.8342 0.0070 0.8030 0.0089 0.8120 0.0205 83794 513 65 825.124 36355.831 542096343 82639003 0.9629 0.0014 0.9943 0.0011 0.9610 0.0018 8594139
# 5162 141957 377 74195 272 0.8928 0.0027 0.9711 0.0049 0.8507 0.0034 0.8689 0.0040 0.8788 0.0052 0.8556 0.0069 0.8438 0.0151 102937 257 65 744.134 22177.452 309749559 52749668 0.9752 0.0016 0.9960 0.0011 0.9746 0.0017 7663151
# 5163 134336 367 109833 331 0.8997 0.0028 0.9808 0.0050 0.9005 0.0030 0.9168 0.0035 0.9208 0.0044 0.9135 0.0064 0.8945 0.0131 225154 129 33 704.488 10395.134 138046817 28508471 0.9616 0.0016 0.9979 0.0009 0.9880 0.0014 7468444
# 5166 91315 302 102810 321 0.8985 0.0034 0.9882 0.0061 0.9357 0.0032 0.9513 0.0038 0.9561 0.0048 0.9459 0.0069 0.9316 0.0141 542614 65 17 785.207 3661.608 50194716 15063391 0.9909 0.0017 0.9992 0.0007 0.9958 0.0011 7852204
#
# LH2 runs [hmstheta=14.93deg and shmstheta=6.495deg] (5167-71)
#
# 5167 281182 530 33594 183 0.9744 0.0023 0.9836 0.0032 0.7557 0.0044 0.7703 0.0052 0.7736 0.0065 0.7681 0.0099 0.7529 0.0175 128979 1025 33 1016.786 54695.385 1165249964 40991940 0.9764 0.0014 0.9978 0.0008 0.9343 0.0020 10768342
# 5168 168854 411 60231 245 0.9756 0.0030 0.9857 0.0041 0.7980 0.0035 0.8087 0.0041 0.8131 0.0052 0.8041 0.0078 0.7909 0.0138 121505 513 33 774.516 33839.523 693387601 27083900 0.9417 0.0015 0.9982 0.0008 0.9475 0.0020 8458910
# 5169 219937 469 65807 257 0.9792 0.0026 0.9883 0.0036 0.8489 0.0036 0.8574 0.0042 0.8613 0.0053 0.8510 0.0081 0.8482 0.0141 285686 513 17 744.712 21837.524 436106529 20289744 0.9953 0.0016 0.9987 0.0008 0.9663 0.0018 8222558
# 5170 113192 336 110655 333 0.9817 0.0036 0.9905 0.0050 0.9034 0.0030 0.9116 0.0035 0.9160 0.0044 0.9059 0.0069 0.8972 0.0113 372678 257 17 754.574 11129.027 221591231 16039343 0.9773 0.0016 0.9993 0.0006 0.9837 0.0015 9841695
# 5171 72577 269 207642 456 0.9813 0.0045 0.9912 0.0061 0.9421 0.0023 0.9501 0.0027 0.9541 0.0034 0.9452 0.0053 0.9352 0.0087 904574 65 9 787.962 3810.362 77022965 9955570 0.9845 0.0015 0.9997 0.0004 0.9940 0.0012 7879760
#
# carbon runs [hmstheta=14.93deg and shmstheta=6.495deg] (5175-76, 5178-79, 5181)
#
# 5175 150976 389 246781 497 0.9786 0.0031 0.9883 0.0043 0.8787 0.0020 0.8887 0.0023 0.8924 0.0029 0.8859 0.0043 0.8741 0.0069 270229 65 9 826.961 43860.842 344365425 24261656 0.4336 0.0004 0.9987 0.0007 0.9753 0.0016 10107761
# 5176 149104 386 244158 494 0.9792 0.0031 0.9888 0.0043 0.8921 0.0020 0.9015 0.0023 0.9057 0.0030 0.8965 0.0044 0.8901 0.0071 312391 65 9 740.187 32922.846 255937279 18439610 0.4988 0.0005 0.9988 0.0008 0.9799 0.0016 7805144
# 5178 168077 410 258466 508 0.9812 0.0029 0.9894 0.0041 0.9141 0.0020 0.9237 0.0023 0.9281 0.0030 0.9186 0.0044 0.9112 0.0070 539156 65 9 707.360 21088.532 164282597 14217940 0.7274 0.0008 0.9991 0.0007 0.9868 0.0014 7382190
# 5179 107941 329 199084 446 0.9805 0.0036 0.9905 0.0050 0.9373 0.0024 0.9466 0.0027 0.9507 0.0035 0.9430 0.0053 0.9325 0.0081 748789 65 9 705.684 10463.018 84444714 11455061 0.9414 0.0013 0.9996 0.0005 0.9932 0.0012 8070926
# 5181 42506 206 173805 417 0.9829 0.0057 0.9921 0.0080 0.9524 0.0026 0.9620 0.0030 0.9663 0.0038 0.9574 0.0058 0.9487 0.0089 1040364 33 9 193.131 983.052 34849104 9008842 0.8679 0.0014 0.9998 0.0003 0.9975 0.0009 7796335
#############################################(threshold 2.5 for 5 uA)
#
# carbon runs [hmstheta=12.53deg and shmstheta=6.495deg] (5154-58)
#
# 5154 138185 372 61968 249 0.8992 0.0029 0.9729 0.0049 0.8777 0.0038 0.8968 0.0045 0.9024 0.0060 0.8929 0.0078 0.8720 0.0157 112510 257 65 726.515 38024.455 200972011 48326837 0.9822 0.0018 0.9963 0.0010 0.9823 0.0016 7986135
# 5155 240589 490 60239 245 0.9065 0.0022 0.9766 0.0037 0.8874 0.0039 0.9066 0.0047 0.9131 0.0061 0.8986 0.0080 0.8913 0.0163 214703 257 33 750.204 33345.633 173437030 43120135 0.9907 0.0016 0.9968 0.0010 0.9859 0.0015 7693688
# 5156 156659 396 94076 307 0.8972 0.0027 0.9816 0.0045 0.9081 0.0032 0.9266 0.0038 0.9324 0.0050 0.9217 0.0067 0.9032 0.0132 241120 129 33 722.303 21634.859 110241609 30036146 0.9928 0.0017 0.9977 0.0009 0.9903 0.0014 7223162
# 5157 150633 388 108943 330 0.9108 0.0028 0.9866 0.0046 0.9294 0.0031 0.9479 0.0037 0.9529 0.0047 0.9425 0.0064 0.9329 0.0125 487182 65 17 711.311 10530.525 55788836 18675086 0.9485 0.0015 0.9988 0.0008 0.9951 0.0011 7587561
# 5158 92157 304 83592 289 0.9188 0.0034 0.9904 0.0057 0.9426 0.0036 0.9616 0.0043 0.9664 0.0055 0.9582 0.0076 0.9394 0.0145 957651 33 9 725.832 3618.837 23416504 11071779 0.9777 0.0016 0.9995 0.0005 0.9983 0.0008 7258448
#
# LH2 runs [hmstheta=12.53deg and shmstheta=6.495deg] (5150, 5160-63, 5166)
#
# 5160 130424 361 30800 175 0.8814 0.0029 0.9539 0.0052 0.7672 0.0046 0.7893 0.0056 0.7916 0.0071 0.7900 0.0099 0.7631 0.0218 39680 513 129 792.650 42125.422 677258190 94999863 0.9748 0.0016 0.9930 0.0012 0.9487 0.0020 8390759
# 5161 219343 468 36843 192 0.8767 0.0022 0.9620 0.0039 0.8012 0.0044 0.8221 0.0053 0.8342 0.0070 0.8030 0.0089 0.8120 0.0205 83794 513 65 825.124 36355.831 542096343 82639003 0.9629 0.0014 0.9943 0.0011 0.9610 0.0018 8594139
# 5162 141957 377 74195 272 0.8928 0.0027 0.9711 0.0049 0.8507 0.0034 0.8689 0.0040 0.8788 0.0052 0.8556 0.0069 0.8438 0.0151 102937 257 65 744.134 22177.452 309749559 52749668 0.9752 0.0016 0.9960 0.0011 0.9746 0.0017 7663151
# 5163 134336 367 109833 331 0.8997 0.0028 0.9808 0.0050 0.9005 0.0030 0.9168 0.0035 0.9208 0.0044 0.9135 0.0064 0.8945 0.0131 225154 129 33 704.488 10395.134 138046817 28508471 0.9616 0.0016 0.9979 0.0009 0.9880 0.0014 7468444
# 5166 91281 302 102763 321 0.8985 0.0034 0.9882 0.0061 0.9357 0.0032 0.9513 0.0038 0.9560 0.0048 0.9459 0.0070 0.9317 0.0141 493791 65 17 719.776 3567.750 50194716 15063391 0.9909 0.0017 0.9992 0.0007 0.9958 0.0011 7852204
#
# LH2 runs [hmstheta=14.93deg and shmstheta=6.495deg] (5167-71)
#
# 5167 281182 530 33594 183 0.9744 0.0023 0.9836 0.0032 0.7557 0.0044 0.7703 0.0052 0.7736 0.0065 0.7681 0.0099 0.7529 0.0175 128979 1025 33 1016.786 54695.385 1165249964 40991940 0.9764 0.0014 0.9978 0.0008 0.9343 0.0020 10768342
# 5168 168854 411 60231 245 0.9756 0.0030 0.9857 0.0041 0.7980 0.0035 0.8087 0.0041 0.8131 0.0052 0.8041 0.0078 0.7909 0.0138 121505 513 33 774.516 33839.523 693387601 27083900 0.9417 0.0015 0.9982 0.0008 0.9475 0.0020 8458910
# 5169 219937 469 65807 257 0.9792 0.0026 0.9883 0.0036 0.8489 0.0036 0.8574 0.0042 0.8613 0.0053 0.8510 0.0081 0.8482 0.0141 285686 513 17 744.712 21837.524 436106529 20289744 0.9953 0.0016 0.9987 0.0008 0.9663 0.0018 8222558
# 5170 113192 336 110655 333 0.9817 0.0036 0.9905 0.0050 0.9034 0.0030 0.9116 0.0035 0.9160 0.0044 0.9059 0.0069 0.8972 0.0113 372678 257 17 754.574 11129.027 221591231 16039343 0.9773 0.0016 0.9993 0.0006 0.9837 0.0015 9841695
# 5171 72470 269 207341 455 0.9813 0.0045 0.9912 0.0062 0.9421 0.0023 0.9500 0.0027 0.9541 0.0034 0.9452 0.0053 0.9352 0.0087 858205 65 9 752.235 3758.812 77022965 9955570 0.9845 0.0015 0.9997 0.0004 0.9940 0.0012 7879760
#
# carbon runs [hmstheta=14.93deg and shmstheta=6.495deg] (5175-76, 5178-79, 5181)
#
# 5175 150976 389 246781 497 0.9786 0.0031 0.9883 0.0043 0.8787 0.0020 0.8887 0.0023 0.8924 0.0029 0.8859 0.0043 0.8741 0.0069 270229 65 9 826.961 43860.842 344365425 24261656 0.4336 0.0004 0.9987 0.0007 0.9753 0.0016 10107761
# 5176 149104 386 244158 494 0.9792 0.0031 0.9888 0.0043 0.8921 0.0020 0.9015 0.0023 0.9057 0.0030 0.8965 0.0044 0.8901 0.0071 312391 65 9 740.187 32922.846 255937279 18439610 0.4988 0.0005 0.9988 0.0008 0.9799 0.0016 7805144
# 5178 168077 410 258466 508 0.9812 0.0029 0.9894 0.0041 0.9141 0.0020 0.9237 0.0023 0.9281 0.0030 0.9186 0.0044 0.9112 0.0070 539156 65 9 707.360 21088.532 164282597 14217940 0.7274 0.0008 0.9991 0.0007 0.9868 0.0014 7382190
# 5179 107941 329 199084 446 0.9805 0.0036 0.9905 0.0050 0.9373 0.0024 0.9466 0.0027 0.9507 0.0035 0.9430 0.0053 0.9325 0.0081 748789 65 9 705.684 10463.018 84444714 11455061 0.9414 0.0013 0.9996 0.0005 0.9932 0.0012 8070926
# 5181 42504 206 173795 417 0.9829 0.0057 0.9921 0.0080 0.9524 0.0026 0.9620 0.0030 0.9663 0.0038 0.9574 0.0058 0.9487 0.0089 1004883 33 9 768.128 3832.972 35521107 9179153 0.9710 0.0015 0.9998 0.0003 0.9975 0.0009 7943234
############################################# Took out cut on Ecal <= 0.6, threshold 2.5 uA for all
#
# carbon runs [hmstheta=12.53deg and shmstheta=6.495deg] (5154-58)
#
# 5154 138547 372 62232 249 0.8992 0.0029 0.9730 0.0048 0.8780 0.0038 0.8985 0.0040 0.9040 0.0051 0.8926 0.0072 0.8751 0.0152 114775 257 65 736.600 38087.421 200972011 48326837 0.9822 0.0018 0.9963 0.0010 0.9823 0.0016 7986135
# 5155 240861 491 60330 246 0.9065 0.0022 0.9766 0.0037 0.8875 0.0039 0.9081 0.0041 0.9137 0.0052 0.8999 0.0074 0.8933 0.0158 216692 257 33 759.271 33419.369 173437030 43120135 0.9907 0.0016 0.9968 0.0010 0.9859 0.0015 7693688
# 5156 156659 396 94076 307 0.8972 0.0027 0.9816 0.0045 0.9081 0.0032 0.9281 0.0034 0.9336 0.0043 0.9219 0.0061 0.9047 0.0128 241120 129 33 722.303 21634.859 110241609 30036146 0.9928 0.0017 0.9977 0.0009 0.9903 0.0014 7223162
# 5157 150809 388 109078 330 0.9108 0.0028 0.9866 0.0046 0.9294 0.0031 0.9495 0.0032 0.9540 0.0041 0.9437 0.0059 0.9328 0.0121 490084 65 17 715.344 10545.562 55788836 18675086 0.9485 0.0015 0.9988 0.0008 0.9951 0.0011 7587561
# 5158 92157 304 83592 289 0.9188 0.0034 0.9904 0.0057 0.9426 0.0036 0.9629 0.0038 0.9669 0.0047 0.9594 0.0070 0.9407 0.0140 957651 33 9 725.832 3618.837 23416504 11071779 0.9777 0.0016 0.9995 0.0005 0.9983 0.0008 7258448
#
# LH2 runs [hmstheta=12.53deg and shmstheta=6.495deg] (5150, 5160-63, 5166)
#
# 5160 130597 361 30967 176 0.8815 0.0029 0.9539 0.0052 0.7680 0.0046 0.7917 0.0049 0.7934 0.0060 0.7923 0.0090 0.7659 0.0210 40229 513 129 794.710 42141.014 677258190 94999863 0.9748 0.0016 0.9930 0.0012 0.9487 0.0020 8390759
# 5161 219728 469 37048 192 0.8767 0.0022 0.9620 0.0039 0.8018 0.0044 0.8235 0.0047 0.8343 0.0060 0.8039 0.0081 0.8145 0.0197 85102 513 65 833.186 36421.204 542096343 82639003 0.9629 0.0014 0.9943 0.0011 0.9610 0.0018 8594139
# 5162 142265 377 74447 273 0.8928 0.0027 0.9711 0.0049 0.8509 0.0034 0.8700 0.0035 0.8784 0.0044 0.8568 0.0063 0.8455 0.0145 103974 257 65 752.184 22226.750 309749559 52749668 0.9752 0.0016 0.9960 0.0011 0.9746 0.0017 7663151
# 5163 134336 367 109833 331 0.8997 0.0028 0.9808 0.0050 0.9005 0.0030 0.9178 0.0031 0.9214 0.0038 0.9141 0.0058 0.8949 0.0127 225154 129 33 704.488 10395.134 138046817 28508471 0.9616 0.0016 0.9979 0.0009 0.9880 0.0014 7468444
# 5166 91281 302 102763 321 0.8985 0.0034 0.9882 0.0061 0.9357 0.0032 0.9524 0.0034 0.9563 0.0041 0.9472 0.0064 0.9327 0.0136 493791 65 17 719.776 3567.750 50194716 15063391 0.9909 0.0017 0.9992 0.0007 0.9958 0.0011 7852204
#
# LH2 runs [hmstheta=14.93deg and shmstheta=6.495deg] (5167-71)
#
# 5167 281381 530 33737 184 0.9744 0.0023 0.9836 0.0032 0.7564 0.0044 0.7707 0.0046 0.7740 0.0056 0.7672 0.0089 0.7522 0.0168 131976 1025 33 1026.866 54737.373 1165249964 40991940 0.9764 0.0014 0.9978 0.0008 0.9343 0.0020 10768342
# 5168 169202 411 60673 246 0.9757 0.0030 0.9857 0.0041 0.7989 0.0035 0.8100 0.0036 0.8136 0.0044 0.8057 0.0071 0.7922 0.0133 127068 513 33 788.632 33902.080 693387601 27083900 0.9417 0.0015 0.9982 0.0008 0.9475 0.0020 8458910
# 5169 220740 470 66338 258 0.9792 0.0026 0.9883 0.0036 0.8497 0.0036 0.8596 0.0037 0.8632 0.0045 0.8527 0.0074 0.8492 0.0136 295417 513 17 759.845 21899.938 436106529 20289744 0.9953 0.0016 0.9987 0.0008 0.9663 0.0018 8222558
# 5170 114143 338 112026 335 0.9816 0.0036 0.9905 0.0049 0.9039 0.0030 0.9130 0.0031 0.9171 0.0037 0.9063 0.0063 0.8987 0.0109 388097 257 17 775.451 11202.715 221591231 16039343 0.9773 0.0016 0.9993 0.0006 0.9837 0.0015 9841695
# 5171 72470 269 207341 455 0.9813 0.0045 0.9912 0.0062 0.9421 0.0023 0.9512 0.0024 0.9547 0.0029 0.9461 0.0049 0.9354 0.0084 858205 65 9 752.235 3758.812 77022965 9955570 0.9845 0.0015 0.9997 0.0004 0.9940 0.0012 7879760
#
# carbon runs [hmstheta=14.93deg and shmstheta=6.495deg] (5175-76, 5178-79, 5181)
#
# 5175 151756 390 248355 498 0.9786 0.0030 0.9883 0.0043 0.8791 0.0019 0.8900 0.0020 0.8933 0.0025 0.8867 0.0039 0.8752 0.0067 290977 65 9 844.308 43960.353 344365425 24261656 0.4336 0.0004 0.9987 0.0007 0.9753 0.0016 10107761
# 5176 149366 386 244700 495 0.9792 0.0031 0.9889 0.0043 0.8922 0.0020 0.9027 0.0021 0.9063 0.0026 0.8975 0.0040 0.8908 0.0068 318864 65 9 747.201 32949.236 255937279 18439610 0.4988 0.0005 0.9988 0.0008 0.9799 0.0016 7805144
# 5178 168339 410 259054 509 0.9812 0.0029 0.9894 0.0040 0.9142 0.0020 0.9247 0.0021 0.9284 0.0025 0.9197 0.0041 0.9116 0.0068 545186 65 9 716.142 21140.000 164282597 14217940 0.7274 0.0008 0.9991 0.0007 0.9868 0.0014 7382190
# 5179 108761 330 200842 448 0.9805 0.0036 0.9905 0.0050 0.9374 0.0023 0.9478 0.0024 0.9512 0.0030 0.9442 0.0048 0.9337 0.0078 775837 65 9 720.403 10516.874 84444714 11455061 0.9414 0.0013 0.9996 0.0005 0.9932 0.0012 8070926
# 5181 42504 206 173795 417 0.9829 0.0057 0.9921 0.0080 0.9524 0.0026 0.9632 0.0026 0.9667 0.0033 0.9587 0.0053 0.9494 0.0086 1004883 33 9 768.128 3832.972 35521107 9179153 0.9710 0.0015 0.9998 0.0003 0.9975 0.0009 7943234
############################################# New cuts added
#
# carbon runs [hmstheta=12.53deg and shmstheta=6.495deg] (5154-58)
#
# 5154 107166 327 21339 146 0.8992 0.0029 0.9730 0.0048 0.8780 0.0038 0.8985 0.0040 0.9040 0.0051 0.8926 0.0072 0.8751 0.0152 114775 257 65 736.600 38087.421 200972011 48326837 0.9822 0.0018 0.9963 0.0010 0.9823 0.0016 7986135
# 5155 186245 432 20562 143 0.9065 0.0022 0.9766 0.0037 0.8875 0.0039 0.9081 0.0041 0.9137 0.0052 0.8999 0.0074 0.8933 0.0158 216692 257 33 759.271 33419.369 173437030 43120135 0.9907 0.0016 0.9968 0.0010 0.9859 0.0015 7693688
# 5156 122726 350 31629 178 0.8972 0.0027 0.9816 0.0045 0.9081 0.0032 0.9281 0.0034 0.9336 0.0043 0.9219 0.0061 0.9047 0.0128 241120 129 33 722.303 21634.859 110241609 30036146 0.9928 0.0017 0.9977 0.0009 0.9903 0.0014 7223162
# 5157 117303 342 36336 191 0.9108 0.0028 0.9866 0.0046 0.9294 0.0031 0.9495 0.0032 0.9540 0.0041 0.9437 0.0059 0.9328 0.0121 490084 65 17 715.344 10545.562 55788836 18675086 0.9485 0.0015 0.9988 0.0008 0.9951 0.0011 7587561
# 5158 77074 278 27140 165 0.9188 0.0034 0.9904 0.0057 0.9426 0.0036 0.9629 0.0038 0.9669 0.0047 0.9594 0.0070 0.9407 0.0140 957651 33 9 725.832 3618.837 23416504 11071779 0.9777 0.0016 0.9995 0.0005 0.9983 0.0008 7258448
#
# LH2 runs [hmstheta=12.53deg and shmstheta=6.495deg] (5150, 5160-63, 5166)
#
# 5160 95923 310 10183 101 0.8815 0.0029 0.9539 0.0052 0.7680 0.0046 0.7917 0.0049 0.7934 0.0060 0.7923 0.0090 0.7659 0.0210 40229 513 129 794.710 42141.014 677258190 94999863 0.9748 0.0016 0.9930 0.0012 0.9487 0.0020 8390759
# 5161 163521 404 12739 113 0.8767 0.0022 0.9620 0.0039 0.8018 0.0044 0.8235 0.0047 0.8343 0.0060 0.8039 0.0081 0.8145 0.0197 85102 513 65 833.186 36421.204 542096343 82639003 0.9629 0.0014 0.9943 0.0011 0.9610 0.0018 8594139
# 5162 105871 325 24719 157 0.8928 0.0027 0.9711 0.0049 0.8509 0.0034 0.8700 0.0035 0.8784 0.0044 0.8568 0.0063 0.8455 0.0145 103974 257 65 752.184 22226.750 309749559 52749668 0.9752 0.0016 0.9960 0.0011 0.9746 0.0017 7663151
# 5163 100992 318 34295 185 0.8997 0.0028 0.9808 0.0050 0.9005 0.0030 0.9178 0.0031 0.9214 0.0038 0.9141 0.0058 0.8949 0.0127 225154 129 33 704.488 10395.134 138046817 28508471 0.9616 0.0016 0.9979 0.0009 0.9880 0.0014 7468444
# 5166 68530 262 31595 178 0.8985 0.0034 0.9882 0.0061 0.9357 0.0032 0.9524 0.0034 0.9563 0.0041 0.9472 0.0064 0.9327 0.0136 493791 65 17 719.776 3567.750 50194716 15063391 0.9909 0.0017 0.9992 0.0007 0.9958 0.0011 7852204
#
# LH2 runs [hmstheta=14.93deg and shmstheta=6.495deg] (5167-71)
#
# 5167 258743 509 9552 98 0.9744 0.0023 0.9836 0.0032 0.7564 0.0044 0.7707 0.0046 0.7740 0.0056 0.7672 0.0089 0.7522 0.0168 131976 1025 33 1026.866 54737.373 1165249964 40991940 0.9764 0.0014 0.9978 0.0008 0.9343 0.0020 10768342
# 5168 156148 395 16937 130 0.9757 0.0030 0.9857 0.0041 0.7989 0.0035 0.8100 0.0036 0.8136 0.0044 0.8057 0.0071 0.7922 0.0133 127068 513 33 788.632 33902.080 693387601 27083900 0.9417 0.0015 0.9982 0.0008 0.9475 0.0020 8458910
# 5169 203561 451 18085 134 0.9792 0.0026 0.9883 0.0036 0.8497 0.0036 0.8596 0.0037 0.8632 0.0045 0.8527 0.0074 0.8492 0.0136 295417 513 17 759.845 21899.938 436106529 20289744 0.9953 0.0016 0.9987 0.0008 0.9663 0.0018 8222558
# 5170 105256 324 29658 172 0.9816 0.0036 0.9905 0.0049 0.9039 0.0030 0.9130 0.0031 0.9171 0.0037 0.9063 0.0063 0.8987 0.0109 388097 257 17 775.451 11202.715 221591231 16039343 0.9773 0.0016 0.9993 0.0006 0.9837 0.0015 9841695
# 5171 67053 259 54459 233 0.9813 0.0045 0.9912 0.0062 0.9421 0.0023 0.9512 0.0024 0.9547 0.0029 0.9461 0.0049 0.9354 0.0084 858205 65 9 752.235 3758.812 77022965 9955570 0.9845 0.0015 0.9997 0.0004 0.9940 0.0012 7879760
#
# carbon runs [hmstheta=14.93deg and shmstheta=6.495deg] (5175-76, 5178-79, 5181)
#
# 5175 139529 374 70503 266 0.9786 0.0030 0.9883 0.0043 0.8791 0.0019 0.8900 0.0020 0.8933 0.0025 0.8867 0.0039 0.8752 0.0067 290977 65 9 844.308 43960.353 344365425 24261656 0.4336 0.0004 0.9987 0.0007 0.9753 0.0016 10107761
# 5176 137598 371 68983 263 0.9792 0.0031 0.9889 0.0043 0.8922 0.0020 0.9027 0.0021 0.9063 0.0026 0.8975 0.0040 0.8908 0.0068 318864 65 9 747.201 32949.236 255937279 18439610 0.4988 0.0005 0.9988 0.0008 0.9799 0.0016 7805144
# 5178 154970 394 72151 269 0.9812 0.0029 0.9894 0.0040 0.9142 0.0020 0.9247 0.0021 0.9284 0.0025 0.9197 0.0041 0.9116 0.0068 545186 65 9 716.142 21140.000 164282597 14217940 0.7274 0.0008 0.9991 0.0007 0.9868 0.0014 7382190
# 5179 100411 317 55645 236 0.9805 0.0036 0.9905 0.0050 0.9374 0.0023 0.9478 0.0024 0.9512 0.0030 0.9442 0.0048 0.9337 0.0078 775837 65 9 720.403 10516.874 84444714 11455061 0.9414 0.0013 0.9996 0.0005 0.9932 0.0012 8070926
# 5181 39201 198 47329 218 0.9829 0.0057 0.9921 0.0080 0.9524 0.0026 0.9632 0.0026 0.9667 0.0033 0.9587 0.0053 0.9494 0.0086 1004883 33 9 768.128 3832.972 35521107 9179153 0.9710 0.0015 0.9998 0.0003 0.9975 0.0009 7943234
############################################# Xptar Yptar for (S)HMS
#
# carbon runs [hmstheta=12.53deg and shmstheta=6.495deg] (5154-58)
#
# 5154 106752 327 21174 146 0.8992 0.0029 0.9730 0.0048 0.8780 0.0038 0.8985 0.0040 0.9040 0.0051 0.8926 0.0072 0.8751 0.0152 114775 257 65 736.600 38087.421 200972011 48326837 0.9822 0.0018 0.9963 0.0010 0.9823 0.0016 7986135
# 5155 185459 431 20424 143 0.9065 0.0022 0.9766 0.0037 0.8875 0.0039 0.9081 0.0041 0.9137 0.0052 0.8999 0.0074 0.8933 0.0158 216692 257 33 759.271 33419.369 173437030 43120135 0.9907 0.0016 0.9968 0.0010 0.9859 0.0015 7693688
# 5156 122183 350 31415 177 0.8972 0.0027 0.9816 0.0045 0.9081 0.0032 0.9281 0.0034 0.9336 0.0043 0.9219 0.0061 0.9047 0.0128 241120 129 33 722.303 21634.859 110241609 30036146 0.9928 0.0017 0.9977 0.0009 0.9903 0.0014 7223162
# 5157 116820 342 36072 190 0.9108 0.0028 0.9866 0.0046 0.9294 0.0031 0.9495 0.0032 0.9540 0.0041 0.9437 0.0059 0.9328 0.0121 490084 65 17 715.344 10545.562 55788836 18675086 0.9485 0.0015 0.9988 0.0008 0.9951 0.0011 7587561
# 5158 76739 277 26944 164 0.9188 0.0034 0.9904 0.0057 0.9426 0.0036 0.9629 0.0038 0.9669 0.0047 0.9594 0.0070 0.9407 0.0140 957651 33 9 725.832 3618.837 23416504 11071779 0.9777 0.0016 0.9995 0.0005 0.9983 0.0008 7258448
#
# LH2 runs [hmstheta=12.53deg and shmstheta=6.495deg] (5150, 5160-63, 5166)
#
# 5160 95461 309 10104 101 0.8815 0.0029 0.9539 0.0052 0.7680 0.0046 0.7917 0.0049 0.7934 0.0060 0.7923 0.0090 0.7659 0.0210 40229 513 129 794.710 42141.014 677258190 94999863 0.9748 0.0016 0.9930 0.0012 0.9487 0.0020 8390759
# 5161 162784 403 12615 112 0.8767 0.0022 0.9620 0.0039 0.8018 0.0044 0.8235 0.0047 0.8343 0.0060 0.8039 0.0081 0.8145 0.0197 85102 513 65 833.186 36421.204 542096343 82639003 0.9629 0.0014 0.9943 0.0011 0.9610 0.0018 8594139
# 5162 105374 325 24537 157 0.8928 0.0027 0.9711 0.0049 0.8509 0.0034 0.8700 0.0035 0.8784 0.0044 0.8568 0.0063 0.8455 0.0145 103974 257 65 752.184 22226.750 309749559 52749668 0.9752 0.0016 0.9960 0.0011 0.9746 0.0017 7663151
# 5163 100561 317 34023 184 0.8997 0.0028 0.9808 0.0050 0.9005 0.0030 0.9178 0.0031 0.9214 0.0038 0.9141 0.0058 0.8949 0.0127 225154 129 33 704.488 10395.134 138046817 28508471 0.9616 0.0016 0.9979 0.0009 0.9880 0.0014 7468444
# 5166 68243 261 31341 177 0.8985 0.0034 0.9882 0.0061 0.9357 0.0032 0.9524 0.0034 0.9563 0.0041 0.9472 0.0064 0.9327 0.0136 493791 65 17 719.776 3567.750 50194716 15063391 0.9909 0.0017 0.9992 0.0007 0.9958 0.0011 7852204
#
# LH2 runs [hmstheta=14.93deg and shmstheta=6.495deg] (5167-71)
#
# 5167 257785 508 9496 97 0.9744 0.0023 0.9836 0.0032 0.7564 0.0044 0.7707 0.0046 0.7740 0.0056 0.7672 0.0089 0.7522 0.0168 131976 1025 33 1026.866 54737.373 1165249964 40991940 0.9764 0.0014 0.9978 0.0008 0.9343 0.0020 10768342
# 5168 155556 394 16804 130 0.9757 0.0030 0.9857 0.0041 0.7989 0.0035 0.8100 0.0036 0.8136 0.0044 0.8057 0.0071 0.7922 0.0133 127068 513 33 788.632 33902.080 693387601 27083900 0.9417 0.0015 0.9982 0.0008 0.9475 0.0020 8458910
# 5169 202798 450 17965 134 0.9792 0.0026 0.9883 0.0036 0.8497 0.0036 0.8596 0.0037 0.8632 0.0045 0.8527 0.0074 0.8492 0.0136 295417 513 17 759.845 21899.938 436106529 20289744 0.9953 0.0016 0.9987 0.0008 0.9663 0.0018 8222558
# 5170 104855 324 29443 172 0.9816 0.0036 0.9905 0.0049 0.9039 0.0030 0.9130 0.0031 0.9171 0.0037 0.9063 0.0063 0.8987 0.0109 388097 257 17 775.451 11202.715 221591231 16039343 0.9773 0.0016 0.9993 0.0006 0.9837 0.0015 9841695
# 5171 66807 258 54078 233 0.9813 0.0045 0.9912 0.0062 0.9421 0.0023 0.9512 0.0024 0.9547 0.0029 0.9461 0.0049 0.9354 0.0084 858205 65 9 752.235 3758.812 77022965 9955570 0.9845 0.0015 0.9997 0.0004 0.9940 0.0012 7879760
#
# carbon runs [hmstheta=14.93deg and shmstheta=6.495deg] (5175-76, 5178-79, 5181)
#
# 5175 139015 373 69984 265 0.9786 0.0030 0.9883 0.0043 0.8791 0.0019 0.8900 0.0020 0.8933 0.0025 0.8867 0.0039 0.8752 0.0067 290977 65 9 844.308 43960.353 344365425 24261656 0.4336 0.0004 0.9987 0.0007 0.9753 0.0016 10107761
# 5176 137106 370 68496 262 0.9792 0.0031 0.9889 0.0043 0.8922 0.0020 0.9027 0.0021 0.9063 0.0026 0.8975 0.0040 0.8908 0.0068 318864 65 9 747.201 32949.236 255937279 18439610 0.4988 0.0005 0.9988 0.0008 0.9799 0.0016 7805144
# 5178 154422 393 71641 268 0.9812 0.0029 0.9894 0.0040 0.9142 0.0020 0.9247 0.0021 0.9284 0.0025 0.9197 0.0041 0.9116 0.0068 545186 65 9 716.142 21140.000 164282597 14217940 0.7274 0.0008 0.9991 0.0007 0.9868 0.0014 7382190
# 5179 100055 316 55297 235 0.9805 0.0036 0.9905 0.0050 0.9374 0.0023 0.9478 0.0024 0.9512 0.0030 0.9442 0.0048 0.9337 0.0078 775837 65 9 720.403 10516.874 84444714 11455061 0.9414 0.0013 0.9996 0.0005 0.9932 0.0012 8070926
# 5181 39048 198 47000 217 0.9829 0.0057 0.9921 0.0080 0.9524 0.0026 0.9632 0.0026 0.9667 0.0033 0.9587 0.0053 0.9494 0.0086 1004883 33 9 768.128 3832.972 35521107 9179153 0.9710 0.0015 0.9998 0.0003 0.9975 0.0009 7943234
############################################# Updated replay
#
# carbon runs [hmstheta=12.53deg and shmstheta=6.495deg] (5154-58)
#
# 5154 105669 325 20300 142 0.8997 0.0029 0.9731 0.0049 0.8784 0.0038 0.8989 0.0040 0.9019 0.0051 0.8977 0.0074 0.8762 0.0154 0 257 65 736.600 38087.421 200972011 48326837 0.9822 0.0018 0.9963 0.0010 0.9823 0.0016 7986135
# 5155 183619 429 19688 140 0.9071 0.0022 0.9768 0.0037 0.8880 0.0039 0.9086 0.0041 0.9120 0.0052 0.9045 0.0076 0.8936 0.0159 0 257 33 759.271 33419.369 173437030 43120135 0.9907 0.0016 0.9968 0.0010 0.9859 0.0015 7693688
# 5156 120929 348 30539 175 0.8978 0.0027 0.9817 0.0046 0.9084 0.0033 0.9285 0.0034 0.9325 0.0043 0.9250 0.0063 0.9056 0.0129 0 129 33 722.303 21634.859 110241609 30036146 0.9928 0.0017 0.9977 0.0009 0.9903 0.0014 7223162
# 5157 115704 340 35389 188 0.9114 0.0028 0.9869 0.0047 0.9297 0.0031 0.9498 0.0033 0.9536 0.0041 0.9454 0.0060 0.9329 0.0122 0 65 17 715.344 10545.562 55788836 18675086 0.9485 0.0015 0.9988 0.0008 0.9951 0.0011 7587561
# 5158 76061 276 26742 164 0.9193 0.0034 0.9904 0.0058 0.9431 0.0036 0.9633 0.0038 0.9673 0.0047 0.9599 0.0070 0.9412 0.0141 0 33 9 725.832 3618.837 23416504 11071779 0.9777 0.0016 0.9995 0.0005 0.9983 0.0008 7258448
#
# LH2 runs [hmstheta=12.53deg and shmstheta=6.495deg] (5150, 5160-63, 5166)
#
# 5160 94415 307 10013 100 0.8820 0.0029 0.9542 0.0052 0.7682 0.0046 0.7919 0.0049 0.7936 0.0061 0.7926 0.0091 0.7672 0.0211 0 513 129 794.710 42141.014 677258190 94999863 0.9748 0.0016 0.9930 0.0012 0.9487 0.0020 8390759
# 5161 161004 401 11546 107 0.8773 0.0022 0.9623 0.0040 0.8022 0.0045 0.8239 0.0047 0.8288 0.0058 0.8140 0.0087 0.8166 0.0201 0 513 65 833.186 36421.204 542096343 82639003 0.9629 0.0014 0.9943 0.0011 0.9610 0.0018 8594139
# 5162 104244 323 23099 152 0.8935 0.0028 0.9715 0.0049 0.8511 0.0034 0.8703 0.0035 0.8747 0.0044 0.8642 0.0066 0.8480 0.0148 0 257 65 752.184 22226.750 309749559 52749668 0.9752 0.0016 0.9960 0.0011 0.9746 0.0017 7663151
# 5163 99466 315 33769 184 0.9003 0.0028 0.9809 0.0050 0.9009 0.0030 0.9182 0.0031 0.9216 0.0038 0.9146 0.0059 0.8951 0.0127 0 129 33 704.488 10395.134 138046817 28508471 0.9616 0.0016 0.9979 0.0009 0.9880 0.0014 7468444
# 5166 67597 260 31084 176 0.8992 0.0034 0.9884 0.0061 0.9360 0.0032 0.9528 0.0034 0.9568 0.0041 0.9474 0.0064 0.9325 0.0137 0 65 17 719.776 3567.750 50194716 15063391 0.9909 0.0017 0.9992 0.0007 0.9958 0.0011 7852204
#
# LH2 runs [hmstheta=14.93deg and shmstheta=6.495deg] (5167-71)
#
# 5167 251309 501 9433 97 0.9745 0.0023 0.9836 0.0032 0.7567 0.0044 0.7710 0.0046 0.7744 0.0056 0.7676 0.0090 0.7522 0.0169 0 1025 33 1026.866 54737.373 1165249964 40991940 0.9764 0.0014 0.9978 0.0008 0.9343 0.0020 10768342
# 5168 151595 389 16698 129 0.9758 0.0030 0.9858 0.0042 0.7995 0.0035 0.8107 0.0036 0.8141 0.0044 0.8066 0.0071 0.7934 0.0133 0 513 33 788.632 33902.080 693387601 27083900 0.9417 0.0015 0.9982 0.0008 0.9475 0.0020 8458910
# 5169 197680 445 17837 134 0.9793 0.0026 0.9883 0.0036 0.8500 0.0036 0.8599 0.0037 0.8636 0.0045 0.8530 0.0074 0.8495 0.0136 0 513 17 759.845 21899.938 436106529 20289744 0.9953 0.0016 0.9987 0.0008 0.9663 0.0018 8222558
# 5170 102197 320 29219 171 0.9817 0.0036 0.9905 0.0050 0.9043 0.0030 0.9134 0.0031 0.9175 0.0038 0.9068 0.0063 0.8988 0.0109 0 257 17 775.451 11202.715 221591231 16039343 0.9773 0.0016 0.9993 0.0006 0.9837 0.0015 9841695
# 5171 65132 255 53663 232 0.9814 0.0045 0.9911 0.0063 0.9424 0.0023 0.9515 0.0024 0.9550 0.0029 0.9463 0.0049 0.9359 0.0084 0 65 9 752.235 3758.812 77022965 9955570 0.9845 0.0015 0.9997 0.0004 0.9940 0.0012 7879760
#
# carbon runs [hmstheta=14.93deg and shmstheta=6.495deg] (5175-76, 5178-79, 5181)
#
# 5175 135181 368 69400 263 0.9787 0.0031 0.9884 0.0044 0.8795 0.0020 0.8904 0.0020 0.8937 0.0025 0.8871 0.0040 0.8756 0.0067 0 65 9 844.308 43960.353 344365425 24261656 0.4336 0.0004 0.9987 0.0007 0.9753 0.0016 10107761
# 5176 133523 365 67963 261 0.9793 0.0031 0.9889 0.0044 0.8926 0.0020 0.9030 0.0021 0.9066 0.0026 0.8981 0.0041 0.8911 0.0068 0 65 9 747.201 32949.236 255937279 18439610 0.4988 0.0005 0.9988 0.0008 0.9799 0.0016 7805144
# 5178 150149 387 71055 267 0.9813 0.0029 0.9893 0.0041 0.9145 0.0020 0.9251 0.0021 0.9288 0.0026 0.9200 0.0041 0.9119 0.0068 0 65 9 716.142 21140.000 164282597 14217940 0.7274 0.0008 0.9991 0.0007 0.9868 0.0014 7382190
# 5179 97279 312 54891 234 0.9806 0.0036 0.9906 0.0051 0.9378 0.0024 0.9482 0.0024 0.9515 0.0030 0.9447 0.0048 0.9343 0.0079 0 65 9 720.403 10516.874 84444714 11455061 0.9414 0.0013 0.9996 0.0005 0.9932 0.0012 8070926
# 5181 37949 195 46654 216 0.9830 0.0058 0.9921 0.0082 0.9528 0.0026 0.9635 0.0027 0.9670 0.0033 0.9593 0.0053 0.9498 0.0086 0 33 9 768.128 3832.972 35521107 9179153 0.9710 0.0015 0.9998 0.0003 0.9975 0.0009 7943234
#
# carbon runs [] (Most recent)
#
# 5298 121116 348 20459 143 0.8989 0.0027 0.9689 0.0046 0.8611 0.0037 0.8819 0.0039 0.8851 0.0049 0.8797 0.0072 0.8612 0.0152 0 257 65 676.383 44103.822 234409176 53920581 0.9658 0.0016 0.9955 0.0011 0.9814 0.0016 7078803
# 5299 96535 311 19392 139 0.9051 0.0030 0.9746 0.0051 0.8822 0.0039 0.9028 0.0041 0.9069 0.0052 0.8980 0.0076 0.8841 0.0158 0 257 65 712.729 34491.499 179854995 44886086 0.9941 0.0019 0.9966 0.0010 0.9864 0.0014 8332029
#
# carbon runs [] (Most recent)
#
# 5300 78476 280 26695 163 0.9805 0.0040 0.9885 0.0057 0.8862 0.0032 0.8968 0.0033 0.9001 0.0040 0.8920 0.0064 0.8866 0.0108 0 257 33 634.502 29402.357 230756448 18861037 0.9715 0.0018 0.9989 0.0007 0.9804 0.0016 9315574
# 5301 90362 301 28725 169 0.9804 0.0037 0.9888 0.0053 0.8774 0.0030 0.8884 0.0031 0.8920 0.0039 0.8828 0.0061 0.8783 0.0103 0 257 33 703.033 34545.057 274575767 23501888 0.9748 0.0017 0.9989 0.0007 0.9778 0.0016 12299877
############################################# TDC cut changes
#
# carbon runs [hmstheta=12.53deg and shmstheta=6.495deg] (5154-58)
#
# 5154 73350 271 7970 89 0.9006 0.0035 0.9733 0.0059 0.8650 0.0070 0.9028 0.0076 0.9021 0.0108 0.9102 0.0121 0.8757 0.0240 731825 257 65 736.600 38087.421 200972011 48326837 0.9822 0.0018 0.9963 0.0010 0.9823 0.0016 7986135
# 5155 136540 370 8201 91 0.9079 0.0025 0.9764 0.0043 0.8721 0.0069 0.9097 0.0075 0.9111 0.0106 0.9096 0.0119 0.9021 0.0243 1057622 257 33 759.271 33419.369 173437030 43120135 0.9907 0.0016 0.9968 0.0010 0.9859 0.0015 7693688
# 5156 99500 315 12863 113 0.8981 0.0030 0.9815 0.0050 0.8923 0.0058 0.9294 0.0063 0.9335 0.0090 0.9292 0.0098 0.9105 0.0197 886413 129 33 722.303 21634.859 110241609 30036146 0.9928 0.0017 0.9977 0.0009 0.9903 0.0014 7223162
# 5157 104985 324 15149 123 0.9114 0.0029 0.9869 0.0049 0.9139 0.0055 0.9505 0.0059 0.9543 0.0086 0.9487 0.0092 0.9401 0.0182 883783 65 17 715.344 10545.562 55788836 18675086 0.9485 0.0015 0.9988 0.0008 0.9951 0.0011 7587561
# 5158 73270 271 12197 110 0.9193 0.0035 0.9905 0.0059 0.9264 0.0062 0.9623 0.0067 0.9688 0.0097 0.9604 0.0105 0.9397 0.0203 601471 33 9 725.832 3618.837 23416504 11071779 0.9777 0.0016 0.9995 0.0005 0.9983 0.0008 7258448
#
# LH2 runs [hmstheta=12.53deg and shmstheta=6.495deg] (5150, 5160-63, 5166)
#
# 5160 29904 173 3524 59 0.8833 0.0051 0.9548 0.0092 0.7600 0.0086 0.8012 0.0095 0.8012 0.0126 0.8025 0.0157 0.7947 0.0375 699216 513 129 794.710 42141.014 677258190 94999863 0.9748 0.0016 0.9930 0.0012 0.9487 0.0020 8390759
# 5161 68169 261 4005 63 0.8771 0.0034 0.9618 0.0061 0.7884 0.0084 0.8289 0.0092 0.8335 0.0124 0.8223 0.0151 0.8274 0.0336 851359 513 65 833.186 36421.204 542096343 82639003 0.9629 0.0014 0.9943 0.0011 0.9610 0.0018 8594139
# 5162 61087 247 8719 93 0.8951 0.0036 0.9713 0.0064 0.8372 0.0062 0.8727 0.0067 0.8734 0.0090 0.8742 0.0110 0.8602 0.0241 871574 257 65 752.184 22226.750 309749559 52749668 0.9752 0.0016 0.9960 0.0011 0.9746 0.0017 7663151
# 5163 77477 278 14229 119 0.9011 0.0032 0.9809 0.0057 0.8888 0.0053 0.9203 0.0057 0.9233 0.0078 0.9210 0.0092 0.8983 0.0192 902606 129 33 704.488 10395.134 138046817 28508471 0.9616 0.0016 0.9979 0.0009 0.9880 0.0014 7468444
# 5166 62180 249 13693 117 0.8988 0.0036 0.9882 0.0064 0.9191 0.0057 0.9504 0.0061 0.9550 0.0085 0.9487 0.0098 0.9316 0.0201 641122 65 17 719.776 3567.750 50194716 15063391 0.9909 0.0017 0.9992 0.0007 0.9958 0.0011 7852204
#
# LH2 runs [hmstheta=14.93deg and shmstheta=6.495deg] (5167-71)
#
# 5167 52917 230 3167 56 0.9758 0.0051 0.9840 0.0071 0.7579 0.0085 0.7815 0.0091 0.7783 0.0117 0.7888 0.0162 0.7763 0.0299 546722 1025 33 1026.866 54737.373 1165249964 40991940 0.9764 0.0014 0.9978 0.0008 0.9343 0.0020 10768342
# 5168 46409 215 5536 74 0.9762 0.0054 0.9859 0.0075 0.8033 0.0069 0.8233 0.0073 0.8226 0.0096 0.8287 0.0129 0.8098 0.0229 579873 513 33 788.632 33902.080 693387601 27083900 0.9417 0.0015 0.9982 0.0008 0.9475 0.0020 8458910
# 5169 93155 305 6820 83 0.9799 0.0038 0.9886 0.0053 0.8486 0.0068 0.8666 0.0071 0.8683 0.0094 0.8650 0.0124 0.8616 0.0220 621302 513 17 759.845 21899.938 436106529 20289744 0.9953 0.0016 0.9987 0.0008 0.9663 0.0018 8222558
# 5170 71034 267 12281 111 0.9817 0.0043 0.9908 0.0060 0.9002 0.0055 0.9166 0.0057 0.9199 0.0077 0.9146 0.0099 0.9069 0.0164 549789 257 17 775.451 11202.715 221591231 16039343 0.9773 0.0016 0.9993 0.0006 0.9837 0.0015 9841695
# 5171 57722 240 23431 153 0.9818 0.0048 0.9913 0.0066 0.9346 0.0043 0.9519 0.0045 0.9558 0.0062 0.9502 0.0075 0.9401 0.0124 575177 65 9 752.235 3758.812 77022965 9955570 0.9845 0.0015 0.9997 0.0004 0.9940 0.0012 7879760
#
# carbon runs [hmstheta=14.93deg and shmstheta=6.495deg] (5175-76, 5178-79, 5181)
#
# 5175 81260 285 26471 163 0.9790 0.0039 0.9886 0.0056 0.8728 0.0037 0.8928 0.0039 0.8926 0.0053 0.8969 0.0066 0.8824 0.0106 1124072 65 9 844.308 43960.353 344365425 24261656 0.4336 0.0004 0.9987 0.0007 0.9753 0.0016 10107761
# 5176 87131 295 27351 165 0.9793 0.0038 0.9890 0.0054 0.8886 0.0036 0.9073 0.0038 0.9072 0.0052 0.9100 0.0066 0.9008 0.0107 1068842 65 9 747.201 32949.236 255937279 18439610 0.4988 0.0005 0.9988 0.0008 0.9799 0.0016 7805144
# 5178 112868 336 30751 175 0.9814 0.0033 0.9893 0.0047 0.9088 0.0036 0.9277 0.0037 0.9306 0.0052 0.9267 0.0063 0.9188 0.0103 1074639 65 9 716.142 21140.000 164282597 14217940 0.7274 0.0008 0.9991 0.0007 0.9868 0.0014 7382190
# 5179 84362 290 24171 155 0.9806 0.0038 0.9907 0.0055 0.9293 0.0042 0.9485 0.0044 0.9519 0.0063 0.9484 0.0074 0.9371 0.0117 709241 65 9 720.403 10516.874 84444714 11455061 0.9414 0.0013 0.9996 0.0005 0.9932 0.0012 8070926
# 5181 36059 190 21189 146 0.9830 0.0059 0.9922 0.0084 0.9435 0.0045 0.9625 0.0047 0.9676 0.0067 0.9597 0.0080 0.9515 0.0125 441998 33 9 768.128 3832.972 35521107 9179153 0.9710 0.0015 0.9998 0.0003 0.9975 0.0009 7943234
############################################# TDC cut changes 2, kinematic fix to script
#
# carbon runs [hmstheta=12.53deg and shmstheta=6.495deg] (5154-58)
#
# 5154 105669 325 20300 142 0.8997 0.0029 0.9731 0.0049 0.8784 0.0038 0.8989 0.0040 0.9019 0.0051 0.8977 0.0074 0.8762 0.0154 1360249 257 65 736.600 38087.421 200972011 48326837 0.9822 0.0018 0.9963 0.0010 0.9823 0.0016 7986135
# 5155 183619 429 19688 140 0.9071 0.0022 0.9768 0.0037 0.8880 0.0039 0.9086 0.0041 0.9120 0.0052 0.9045 0.0076 0.8936 0.0159 1700423 257 33 759.271 33419.369 173437030 43120135 0.9907 0.0016 0.9968 0.0010 0.9859 0.0015 7693688
# 5156 120929 348 30539 175 0.8978 0.0027 0.9817 0.0046 0.9084 0.0033 0.9285 0.0034 0.9325 0.0043 0.9250 0.0063 0.9056 0.0129 1477000 129 33 722.303 21634.859 110241609 30036146 0.9928 0.0017 0.9977 0.0009 0.9903 0.0014 7223162
# 5157 115704 340 35389 188 0.9114 0.0028 0.9869 0.0047 0.9297 0.0031 0.9498 0.0033 0.9536 0.0041 0.9454 0.0060 0.9329 0.0122 1383313 65 17 715.344 10545.562 55788836 18675086 0.9485 0.0015 0.9988 0.0008 0.9951 0.0011 7587561
# 5158 76061 276 26742 164 0.9193 0.0034 0.9904 0.0058 0.9431 0.0036 0.9633 0.0038 0.9673 0.0047 0.9599 0.0070 0.9412 0.0141 903687 33 9 725.832 3618.837 23416504 11071779 0.9777 0.0016 0.9995 0.0005 0.9983 0.0008 7258448
#
# LH2 runs [hmstheta=12.53deg and shmstheta=6.495deg] (5150, 5160-63, 5166)
#
# 5160 94415 307 10013 100 0.8820 0.0029 0.9542 0.0052 0.7682 0.0046 0.7919 0.0049 0.7936 0.0061 0.7926 0.0091 0.7672 0.0211 1949339 513 129 794.710 42141.014 677258190 94999863 0.9748 0.0016 0.9930 0.0012 0.9487 0.0020 8390759
# 5161 161004 401 11546 107 0.8773 0.0022 0.9623 0.0040 0.8022 0.0045 0.8239 0.0047 0.8288 0.0058 0.8140 0.0087 0.8166 0.0201 2104023 513 65 833.186 36421.204 542096343 82639003 0.9629 0.0014 0.9943 0.0011 0.9610 0.0018 8594139
# 5162 104244 323 23099 152 0.8935 0.0028 0.9715 0.0049 0.8511 0.0034 0.8703 0.0035 0.8747 0.0044 0.8642 0.0066 0.8480 0.0148 1849600 257 65 752.184 22226.750 309749559 52749668 0.9752 0.0016 0.9960 0.0011 0.9746 0.0017 7663151
# 5163 99466 315 33769 184 0.9003 0.0028 0.9809 0.0050 0.9009 0.0030 0.9182 0.0031 0.9216 0.0038 0.9146 0.0059 0.8951 0.0127 1631339 129 33 704.488 10395.134 138046817 28508471 0.9616 0.0016 0.9979 0.0009 0.9880 0.0014 7468444
# 5166 67597 260 31084 176 0.8992 0.0034 0.9884 0.0061 0.9360 0.0032 0.9528 0.0034 0.9568 0.0041 0.9474 0.0064 0.9325 0.0137 1065905 65 17 719.776 3567.750 50194716 15063391 0.9909 0.0017 0.9992 0.0007 0.9958 0.0011 7852204
#
# LH2 runs [hmstheta=14.93deg and shmstheta=6.495deg] (5167-71)
#
# 5167 251309 501 9433 97 0.9745 0.0023 0.9836 0.0032 0.7567 0.0044 0.7710 0.0046 0.7744 0.0056 0.7676 0.0090 0.7522 0.0169 2022922 1025 33 1026.866 54737.373 1165249964 40991940 0.9764 0.0014 0.9978 0.0008 0.9343 0.0020 10768342
# 5168 151595 389 16698 129 0.9758 0.0030 0.9858 0.0042 0.7995 0.0035 0.8107 0.0036 0.8141 0.0044 0.8066 0.0071 0.7934 0.0133 1830268 513 33 788.632 33902.080 693387601 27083900 0.9417 0.0015 0.9982 0.0008 0.9475 0.0020 8458910
# 5169 197680 445 17837 134 0.9793 0.0026 0.9883 0.0036 0.8500 0.0036 0.8599 0.0037 0.8636 0.0045 0.8530 0.0074 0.8495 0.0136 1529234 513 17 759.845 21899.938 436106529 20289744 0.9953 0.0016 0.9987 0.0008 0.9663 0.0018 8222558
# 5170 102197 320 29219 171 0.9817 0.0036 0.9905 0.0050 0.9043 0.0030 0.9134 0.0031 0.9175 0.0038 0.9068 0.0063 0.8988 0.0109 1175663 257 17 775.451 11202.715 221591231 16039343 0.9773 0.0016 0.9993 0.0006 0.9837 0.0015 9841695
# 5171 65132 255 53663 232 0.9814 0.0045 0.9911 0.0063 0.9424 0.0023 0.9515 0.0024 0.9550 0.0029 0.9463 0.0049 0.9359 0.0084 1282501 65 9 752.235 3758.812 77022965 9955570 0.9845 0.0015 0.9997 0.0004 0.9940 0.0012 7879760
#
# carbon runs [hmstheta=14.93deg and shmstheta=6.495deg] (5175-76, 5178-79, 5181)
#
# 5175 135181 368 69400 263 0.9787 0.0031 0.9884 0.0044 0.8795 0.0020 0.8904 0.0020 0.8937 0.0025 0.8871 0.0040 0.8756 0.0067 2851177 65 9 844.308 43960.353 344365425 24261656 0.4336 0.0004 0.9987 0.0007 0.9753 0.0016 10107761
# 5176 133523 365 67963 261 0.9793 0.0031 0.9889 0.0044 0.8926 0.0020 0.9030 0.0021 0.9066 0.0026 0.8981 0.0041 0.8911 0.0068 2529080 65 9 747.201 32949.236 255937279 18439610 0.4988 0.0005 0.9988 0.0008 0.9799 0.0016 7805144
# 5178 150149 387 71055 267 0.9813 0.0029 0.9893 0.0041 0.9145 0.0020 0.9251 0.0021 0.9288 0.0026 0.9200 0.0041 0.9119 0.0068 2308526 65 9 716.142 21140.000 164282597 14217940 0.7274 0.0008 0.9991 0.0007 0.9868 0.0014 7382190
# 5179 97279 312 54891 234 0.9806 0.0036 0.9906 0.0051 0.9378 0.0024 0.9482 0.0024 0.9515 0.0030 0.9447 0.0048 0.9343 0.0079 1454546 65 9 720.403 10516.874 84444714 11455061 0.9414 0.0013 0.9996 0.0005 0.9932 0.0012 8070926
# 5181 37949 195 46654 216 0.9830 0.0058 0.9921 0.0082 0.9528 0.0026 0.9635 0.0027 0.9670 0.0033 0.9593 0.0053 0.9498 0.0086 963825 33 9 768.128 3832.972 35521107 9179153 0.9710 0.0015 0.9998 0.0003 0.9975 0.0009 7943234
############################################# SHMS cal cut fix
#
# carbon runs [hmstheta=12.53deg and shmstheta=6.495deg] (5154-58)
#
# 5154 105669 325 72679 270 0.8997 0.0029 0.9731 0.0049 0.8784 0.0038 0.8975 0.0046 0.9008 0.0059 0.8973 0.0081 0.8734 0.0159 1360249 257 65 736.600 38087.421 200972011 48326837 0.9822 0.0018 0.9963 0.0010 0.9823 0.0016 7986135
# 5155 183619 429 70560 266 0.9071 0.0022 0.9768 0.0037 0.8880 0.0039 0.9072 0.0047 0.9117 0.0061 0.9026 0.0082 0.8916 0.0164 1700423 257 33 759.271 33419.369 173437030 43120135 0.9907 0.0016 0.9968 0.0010 0.9859 0.0015 7693688
# 5156 120929 348 109667 331 0.8978 0.0027 0.9817 0.0046 0.9084 0.0033 0.9269 0.0038 0.9313 0.0050 0.9244 0.0068 0.9039 0.0133 1477000 129 33 722.303 21634.859 110241609 30036146 0.9928 0.0017 0.9977 0.0009 0.9903 0.0014 7223162
# 5157 115704 340 127031 356 0.9114 0.0028 0.9869 0.0047 0.9297 0.0031 0.9482 0.0037 0.9525 0.0047 0.9440 0.0065 0.9331 0.0126 1383313 65 17 715.344 10545.562 55788836 18675086 0.9485 0.0015 0.9988 0.0008 0.9951 0.0011 7587561
# 5158 76061 276 97576 312 0.9193 0.0034 0.9904 0.0058 0.9431 0.0036 0.9621 0.0043 0.9668 0.0055 0.9587 0.0077 0.9399 0.0145 903687 33 9 725.832 3618.837 23416504 11071779 0.9777 0.0016 0.9995 0.0005 0.9983 0.0008 7258448
#
# LH2 runs [hmstheta=12.53deg and shmstheta=6.495deg] (5150, 5160-63, 5166)
#
# 5160 94415 307 36333 191 0.8820 0.0029 0.9542 0.0052 0.7682 0.0046 0.7903 0.0056 0.7927 0.0071 0.7906 0.0099 0.7648 0.0219 1949339 513 129 794.710 42141.014 677258190 94999863 0.9748 0.0016 0.9930 0.0012 0.9487 0.0020 8390759
# 5161 161004 401 43559 209 0.8773 0.0022 0.9623 0.0040 0.8022 0.0045 0.8230 0.0053 0.8293 0.0068 0.8122 0.0095 0.8144 0.0209 2104023 513 65 833.186 36421.204 542096343 82639003 0.9629 0.0014 0.9943 0.0011 0.9610 0.0018 8594139
# 5162 104244 323 87305 295 0.8935 0.0028 0.9715 0.0049 0.8511 0.0034 0.8693 0.0040 0.8750 0.0051 0.8626 0.0072 0.8459 0.0153 1849600 257 65 752.184 22226.750 309749559 52749668 0.9752 0.0016 0.9960 0.0011 0.9746 0.0017 7663151
# 5163 99466 315 128668 359 0.9003 0.0028 0.9809 0.0050 0.9009 0.0030 0.9171 0.0035 0.9210 0.0044 0.9140 0.0064 0.8948 0.0131 1631339 129 33 704.488 10395.134 138046817 28508471 0.9616 0.0016 0.9979 0.0009 0.9880 0.0014 7468444
# 5166 67597 260 120450 347 0.8992 0.0034 0.9884 0.0061 0.9360 0.0032 0.9517 0.0038 0.9566 0.0048 0.9461 0.0070 0.9314 0.0141 1065905 65 17 719.776 3567.750 50194716 15063391 0.9909 0.0017 0.9992 0.0007 0.9958 0.0011 7852204
#
# LH2 runs [hmstheta=14.93deg and shmstheta=6.495deg] (5167-71)
#
# 5167 251309 501 39645 199 0.9745 0.0023 0.9836 0.0032 0.7567 0.0044 0.7713 0.0052 0.7746 0.0066 0.7693 0.0099 0.7536 0.0175 2022922 1025 33 1026.866 54737.373 1165249964 40991940 0.9764 0.0014 0.9978 0.0008 0.9343 0.0020 10768342
# 5168 151595 389 71564 268 0.9758 0.0030 0.9858 0.0042 0.7995 0.0035 0.8103 0.0041 0.8145 0.0052 0.8059 0.0078 0.7930 0.0139 1830268 513 33 788.632 33902.080 693387601 27083900 0.9417 0.0015 0.9982 0.0008 0.9475 0.0020 8458910
# 5169 197680 445 77999 279 0.9793 0.0026 0.9883 0.0036 0.8500 0.0036 0.8584 0.0042 0.8623 0.0053 0.8521 0.0081 0.8494 0.0141 1529234 513 17 759.845 21899.938 436106529 20289744 0.9953 0.0016 0.9987 0.0008 0.9663 0.0018 8222558
# 5170 102197 320 131151 362 0.9817 0.0036 0.9905 0.0050 0.9043 0.0030 0.9126 0.0035 0.9170 0.0044 0.9070 0.0069 0.8979 0.0113 1175663 257 17 775.451 11202.715 221591231 16039343 0.9773 0.0016 0.9993 0.0006 0.9837 0.0015 9841695
# 5171 65132 255 242438 492 0.9814 0.0045 0.9911 0.0063 0.9424 0.0023 0.9504 0.0027 0.9545 0.0034 0.9454 0.0053 0.9356 0.0087 1282501 65 9 752.235 3758.812 77022965 9955570 0.9845 0.0015 0.9997 0.0004 0.9940 0.0012 7879760
#
# carbon runs [hmstheta=14.93deg and shmstheta=6.495deg] (5175-76, 5178-79, 5181)
#
# 5175 135181 368 289975 538 0.9787 0.0031 0.9884 0.0044 0.8795 0.0020 0.8895 0.0023 0.8932 0.0029 0.8867 0.0043 0.8751 0.0069 2851177 65 9 844.308 43960.353 344365425 24261656 0.4336 0.0004 0.9987 0.0007 0.9753 0.0016 10107761
# 5176 133523 365 285139 534 0.9793 0.0031 0.9889 0.0044 0.8926 0.0020 0.9020 0.0023 0.9061 0.0030 0.8971 0.0044 0.8904 0.0071 2529080 65 9 747.201 32949.236 255937279 18439610 0.4988 0.0005 0.9988 0.0008 0.9799 0.0016 7805144
# 5178 150149 387 302093 550 0.9813 0.0029 0.9893 0.0041 0.9145 0.0020 0.9242 0.0023 0.9286 0.0030 0.9190 0.0044 0.9114 0.0070 2308526 65 9 716.142 21140.000 164282597 14217940 0.7274 0.0008 0.9991 0.0007 0.9868 0.0014 7382190
# 5179 97279 312 233471 483 0.9806 0.0036 0.9906 0.0051 0.9378 0.0024 0.9472 0.0027 0.9512 0.0035 0.9435 0.0053 0.9332 0.0081 1454546 65 9 720.403 10516.874 84444714 11455061 0.9414 0.0013 0.9996 0.0005 0.9932 0.0012 8070926
# 5181 37949 195 202331 450 0.9830 0.0058 0.9921 0.0082 0.9528 0.0026 0.9623 0.0030 0.9666 0.0038 0.9578 0.0058 0.9490 0.0089 963825 33 9 768.128 3832.972 35521107 9179153 0.9710 0.0015 0.9998 0.0003 0.9975 0.0009 7943234
############################################# SHMS cal cut fix
#
# carbon runs [hmstheta=12.53deg and shmstheta=6.495deg] (5154-58)
# 5154 69747 264 20543 143 0.9006 0.0035 0.9733 0.0059 0.8650 0.0070 0.9016 0.0085 0.8999 0.0125 0.9104 0.0130 0.8750 0.0247 731825 257 65 736.600 38087.421 200972011 48326837 0.9822 0.0018 0.9963 0.0010 0.9823 0.0016 7986135
# 5155 129766 360 21177 146 0.9079 0.0025 0.9764 0.0043 0.8721 0.0069 0.9086 0.0084 0.9113 0.0124 0.9078 0.0128 0.9004 0.0249 1057622 257 33 759.271 33419.369 173437030 43120135 0.9907 0.0016 0.9968 0.0010 0.9859 0.0015 7693688
# 5156 94188 307 32243 180 0.8981 0.0030 0.9815 0.0050 0.8923 0.0058 0.9278 0.0070 0.9326 0.0105 0.9281 0.0105 0.9081 0.0203 886413 129 33 722.303 21634.859 110241609 30036146 0.9928 0.0017 0.9977 0.0009 0.9903 0.0014 7223162
# 5157 99961 316 37866 195 0.9114 0.0029 0.9869 0.0049 0.9139 0.0055 0.9493 0.0066 0.9537 0.0100 0.9475 0.0099 0.9405 0.0187 883783 65 17 715.344 10545.562 55788836 18675086 0.9485 0.0015 0.9988 0.0008 0.9951 0.0011 7587561
# 5158 70193 265 30737 175 0.9193 0.0035 0.9905 0.0059 0.9264 0.0062 0.9604 0.0074 0.9684 0.0113 0.9584 0.0113 0.9387 0.0208 601471 33 9 725.832 3618.837 23416504 11071779 0.9777 0.0016 0.9995 0.0005 0.9983 0.0008 7258448#
#
# LH2 runs [hmstheta=12.53deg and shmstheta=6.495deg] (5150, 5160-63, 5166)
#
# 5160 28681 169 10012 100 0.8833 0.0051 0.9548 0.0092 0.7600 0.0086 0.8010 0.0107 0.8022 0.0147 0.8009 0.0170 0.7935 0.0387 699216 513 129 794.710 42141.014 677258190 94999863 0.9748 0.0016 0.9930 0.0012 0.9487 0.0020 8390759
# 5161 65367 256 11464 107 0.8771 0.0034 0.9618 0.0061 0.7884 0.0084 0.8263 0.0103 0.8303 0.0144 0.8215 0.0162 0.8251 0.0348 851359 513 65 833.186 36421.204 542096343 82639003 0.9629 0.0014 0.9943 0.0011 0.9610 0.0018 8594139
# 5162 58590 242 24447 156 0.8951 0.0036 0.9713 0.0064 0.8372 0.0062 0.8723 0.0075 0.8740 0.0105 0.8733 0.0119 0.8578 0.0249 871574 257 65 752.184 22226.750 309749559 52749668 0.9752 0.0016 0.9960 0.0011 0.9746 0.0017 7663151
# 5163 74029 272 38535 196 0.9011 0.0032 0.9809 0.0057 0.8888 0.0053 0.9200 0.0063 0.9235 0.0091 0.9210 0.0099 0.8981 0.0198 902606 129 33 704.488 10395.134 138046817 28508471 0.9616 0.0016 0.9979 0.0009 0.9880 0.0014 7468444
# 5166 60084 245 36097 190 0.8988 0.0036 0.9882 0.0064 0.9191 0.0057 0.9490 0.0068 0.9551 0.0100 0.9466 0.0105 0.9317 0.0207 641122 65 17 719.776 3567.750 50194716 15063391 0.9909 0.0017 0.9992 0.0007 0.9958 0.0011 7852204
#
# LH2 runs [hmstheta=14.93deg and shmstheta=6.495deg] (5167-71)
#
# 5167 50467 225 10469 102 0.9758 0.0051 0.9840 0.0071 0.7579 0.0085 0.7839 0.0102 0.7802 0.0137 0.7927 0.0176 0.7742 0.0308 546722 1025 33 1026.866 54737.373 1165249964 40991940 0.9764 0.0014 0.9978 0.0008 0.9343 0.0020 10768342
# 5168 44198 210 18490 136 0.9762 0.0054 0.9859 0.0075 0.8033 0.0069 0.8244 0.0082 0.8236 0.0112 0.8306 0.0140 0.8097 0.0237 579873 513 33 788.632 33902.080 693387601 27083900 0.9417 0.0015 0.9982 0.0008 0.9475 0.0020 8458910
# 5169 88776 298 22056 149 0.9799 0.0038 0.9886 0.0053 0.8486 0.0068 0.8672 0.0079 0.8698 0.0109 0.8652 0.0134 0.8616 0.0227 621302 513 17 759.845 21899.938 436106529 20289744 0.9953 0.0016 0.9987 0.0008 0.9663 0.0018 8222558
# 5170 67905 261 38862 197 0.9817 0.0043 0.9908 0.0060 0.9002 0.0055 0.9151 0.0064 0.9185 0.0090 0.9141 0.0107 0.9055 0.0170 549789 257 17 775.451 11202.715 221591231 16039343 0.9773 0.0016 0.9993 0.0006 0.9837 0.0015 9841695
# 5171 55316 235 69751 264 0.9818 0.0048 0.9913 0.0066 0.9346 0.0043 0.9506 0.0050 0.9551 0.0072 0.9491 0.0081 0.9396 0.0128 575177 65 9 752.235 3758.812 77022965 9955570 0.9845 0.0015 0.9997 0.0004 0.9940 0.0012 7879760
#
# carbon runs [hmstheta=14.93deg and shmstheta=6.495deg] (5175-76, 5178-79, 5181)
#
# 5175 77466 278 79616 282 0.9790 0.0039 0.9886 0.0056 0.8728 0.0037 0.8926 0.0043 0.8923 0.0062 0.8972 0.0070 0.8824 0.0109 1124072 65 9 844.308 43960.353 344365425 24261656 0.4336 0.0004 0.9987 0.0007 0.9753 0.0016 10107761
# 5176 82897 288 84390 290 0.9793 0.0038 0.9890 0.0054 0.8886 0.0036 0.9066 0.0043 0.9066 0.0061 0.9093 0.0071 0.8999 0.0110 1068842 65 9 747.201 32949.236 255937279 18439610 0.4988 0.0005 0.9988 0.0008 0.9799 0.0016 7805144
# 5178 107325 328 92153 304 0.9814 0.0033 0.9893 0.0047 0.9088 0.0036 0.9269 0.0042 0.9305 0.0061 0.9255 0.0068 0.9189 0.0106 1074639 65 9 716.142 21140.000 164282597 14217940 0.7274 0.0008 0.9991 0.0007 0.9868 0.0014 7382190
# 5179 80533 284 69297 263 0.9806 0.0038 0.9907 0.0055 0.9293 0.0042 0.9479 0.0049 0.9526 0.0074 0.9475 0.0079 0.9361 0.0120 709241 65 9 720.403 10516.874 84444714 11455061 0.9414 0.0013 0.9996 0.0005 0.9932 0.0012 8070926
# 5181 34405 185 63127 251 0.9830 0.0059 0.9922 0.0084 0.9435 0.0045 0.9608 0.0052 0.9663 0.0077 0.9584 0.0085 0.9509 0.0129 441998 33 9 768.128 3832.972 35521107 9179153 0.9710 0.0015 0.9998 0.0003 0.9975 0.0009 7943234
############################################# No cuts, coin TDC > 0
#
# carbon runs [hmstheta=12.53deg and shmstheta=6.495deg] (5154-58)
#
# 5154 577333 760 733827 857 0.8998 0.0030 0.9731 0.0050 0.8788 0.0039 0.8976 0.0046 0.9008 0.0059 0.8976 0.0081 0.8733 0.0160 1311160 257 65 736.600 38087.421 200972011 48326837 0.9822 0.0018 0.9963 0.0010 0.9823 0.0016 7986135
# 5155 1008292 1004 630773 794 0.9073 0.0023 0.9768 0.0038 0.8883 0.0040 0.9072 0.0047 0.9117 0.0061 0.9025 0.0083 0.8917 0.0165 1639065 257 33 759.271 33419.369 173437030 43120135 0.9907 0.0016 0.9968 0.0010 0.9859 0.0015 7693688
# 5156 662251 814 785965 887 0.8979 0.0027 0.9818 0.0047 0.9086 0.0033 0.9269 0.0038 0.9313 0.0050 0.9243 0.0068 0.9037 0.0133 1448216 129 33 722.303 21634.859 110241609 30036146 0.9928 0.0017 0.9977 0.0009 0.9903 0.0014 7223162
# 5157 636299 798 733949 857 0.9114 0.0028 0.9868 0.0047 0.9298 0.0031 0.9482 0.0037 0.9525 0.0047 0.9440 0.0065 0.9328 0.0126 1370248 65 17 715.344 10545.562 55788836 18675086 0.9485 0.0015 0.9988 0.0008 0.9951 0.0011 7587561
# 5158 415936 645 485033 696 0.9192 0.0034 0.9904 0.0058 0.9431 0.0036 0.9621 0.0043 0.9668 0.0055 0.9586 0.0077 0.9401 0.0146 900969 33 9 725.832 3618.837 23416504 11071779 0.9777 0.0016 0.9995 0.0005 0.9983 0.0008 7258448
#
# LH2 runs [hmstheta=12.53deg and shmstheta=6.495deg] (5150, 5160-63, 5166)
#
# 5160 565748 752 1224792 1107 0.8821 0.0031 0.9543 0.0056 0.7694 0.0047 0.7898 0.0056 0.7927 0.0071 0.7893 0.0100 0.7626 0.0223 1790540 513 129 794.710 42141.014 677258190 94999863 0.9748 0.0016 0.9930 0.0012 0.9487 0.0020 8390759
# 5161 965804 983 967940 984 0.8776 0.0023 0.9622 0.0042 0.8031 0.0045 0.8227 0.0054 0.8292 0.0068 0.8114 0.0096 0.8125 0.0212 1933744 513 65 833.186 36421.204 542096343 82639003 0.9629 0.0014 0.9943 0.0011 0.9610 0.0018 8594139
# 5162 628140 793 1137671 1067 0.8935 0.0029 0.9715 0.0052 0.8516 0.0034 0.8691 0.0040 0.8750 0.0051 0.8620 0.0073 0.8453 0.0155 1765811 257 65 752.184 22226.750 309749559 52749668 0.9752 0.0016 0.9960 0.0011 0.9746 0.0017 7663151
# 5163 602382 776 992134 996 0.9005 0.0029 0.9810 0.0052 0.9011 0.0030 0.9171 0.0035 0.9210 0.0044 0.9139 0.0064 0.8946 0.0132 1594516 129 33 704.488 10395.134 138046817 28508471 0.9616 0.0016 0.9979 0.0009 0.9880 0.0014 7468444
# 5166 413774 643 644202 803 0.8991 0.0034 0.9883 0.0062 0.9362 0.0032 0.9518 0.0038 0.9566 0.0048 0.9462 0.0070 0.9318 0.0142 1057976 65 17 719.776 3567.750 50194716 15063391 0.9909 0.0017 0.9992 0.0007 0.9958 0.0011 7852204
#
# LH2 runs [hmstheta=14.93deg and shmstheta=6.495deg] (5167-71)
#
# 5167 773249 879 1068586 1034 0.9744 0.0025 0.9835 0.0035 0.7572 0.0045 0.7709 0.0053 0.7746 0.0066 0.7676 0.0101 0.7531 0.0179 1841835 1025 33 1026.866 54737.373 1165249964 40991940 0.9764 0.0014 0.9978 0.0008 0.9343 0.0020 10768342
# 5168 470219 686 1243244 1115 0.9756 0.0032 0.9857 0.0045 0.7998 0.0036 0.8099 0.0042 0.8146 0.0052 0.8046 0.0080 0.7907 0.0141 1713463 513 33 788.632 33902.080 693387601 27083900 0.9417 0.0015 0.9982 0.0008 0.9475 0.0020 8458910
# 5169 629636 793 808121 899 0.9792 0.0027 0.9884 0.0038 0.8500 0.0037 0.8581 0.0042 0.8623 0.0053 0.8510 0.0083 0.8480 0.0143 1437757 513 17 759.845 21899.938 436106529 20289744 0.9953 0.0016 0.9987 0.0008 0.9663 0.0018 8222558
# 5170 339201 582 806820 898 0.9815 0.0037 0.9905 0.0052 0.9044 0.0030 0.9126 0.0035 0.9170 0.0044 0.9067 0.0069 0.8980 0.0114 1146021 257 17 775.451 11202.715 221591231 16039343 0.9773 0.0016 0.9993 0.0006 0.9837 0.0015 9841695
# 5171 223839 473 1050315 1025 0.9816 0.0045 0.9912 0.0063 0.9425 0.0023 0.9504 0.0027 0.9545 0.0034 0.9452 0.0054 0.9358 0.0087 1274154 65 9 752.235 3758.812 77022965 9955570 0.9845 0.0015 0.9997 0.0004 0.9940 0.0012 7879760
#
# carbon runs [hmstheta=14.93deg and shmstheta=6.495deg] (5175-76, 5178-79, 5181)
#
# 5175 455169 675 2316728 1522 0.9787 0.0032 0.9884 0.0045 0.8797 0.0020 0.8894 0.0023 0.8932 0.0029 0.8863 0.0044 0.8746 0.0070 2771897 65 9 844.308 43960.353 344365425 24261656 0.4336 0.0004 0.9987 0.0007 0.9753 0.0016 10107761
# 5176 452346 673 2014383 1419 0.9794 0.0032 0.9890 0.0045 0.8928 0.0020 0.9019 0.0023 0.9061 0.0030 0.8968 0.0045 0.8903 0.0072 2466729 65 9 747.201 32949.236 255937279 18439610 0.4988 0.0005 0.9988 0.0008 0.9799 0.0016 7805144
# 5178 518043 720 1748084 1322 0.9813 0.0030 0.9893 0.0042 0.9146 0.0020 0.9241 0.0023 0.9286 0.0030 0.9187 0.0045 0.9110 0.0071 2266127 65 9 716.142 21140.000 164282597 14217940 0.7274 0.0008 0.9991 0.0007 0.9868 0.0014 7382190
# 5179 343484 586 1097332 1048 0.9807 0.0036 0.9907 0.0052 0.9379 0.0024 0.9471 0.0027 0.9512 0.0035 0.9434 0.0053 0.9331 0.0082 1440816 65 9 720.403 10516.874 84444714 11455061 0.9414 0.0013 0.9996 0.0005 0.9932 0.0012 8070926
# 5181 134871 367 826635 909 0.9831 0.0058 0.9922 0.0082 0.9528 0.0026 0.9623 0.0030 0.9666 0.0038 0.9578 0.0058 0.9490 0.0089 961506 33 9 768.128 3832.972 35521107 9179153 0.9710 0.0015 0.9998 0.0003 0.9975 0.0009 7943234
############################################# Cal only cuts
#
# carbon runs [hmstheta=12.53deg and shmstheta=6.495deg] (5154-58)
#
# 5154 151583 389 396251 629 0.8998 0.0030 0.9731 0.0050 0.8788 0.0039 0.8976 0.0046 0.9008 0.0059 0.8976 0.0081 0.8733 0.0160 1311160 257 65 736.600 38087.421 200972011 48326837 0.9822 0.0018 0.9963 0.0010 0.9823 0.0016 7986135
# 5155 265008 515 350920 592 0.9073 0.0023 0.9768 0.0038 0.8883 0.0040 0.9072 0.0047 0.9117 0.0061 0.9025 0.0083 0.8917 0.0165 1639065 257 33 759.271 33419.369 173437030 43120135 0.9907 0.0016 0.9968 0.0010 0.9859 0.0015 7693688
# 5156 174553 418 457970 677 0.8979 0.0027 0.9818 0.0047 0.9086 0.0033 0.9269 0.0038 0.9313 0.0050 0.9243 0.0068 0.9037 0.0133 1448216 129 33 722.303 21634.859 110241609 30036146 0.9928 0.0017 0.9977 0.0009 0.9903 0.0014 7223162
# 5157 168727 411 449698 671 0.9114 0.0028 0.9868 0.0047 0.9298 0.0031 0.9482 0.0037 0.9525 0.0047 0.9440 0.0065 0.9328 0.0126 1370248 65 17 715.344 10545.562 55788836 18675086 0.9485 0.0015 0.9988 0.0008 0.9951 0.0011 7587561
# 5158 111755 334 306382 554 0.9192 0.0034 0.9904 0.0058 0.9431 0.0036 0.9621 0.0043 0.9668 0.0055 0.9586 0.0077 0.9401 0.0146 900969 33 9 725.832 3618.837 23416504 11071779 0.9777 0.0016 0.9995 0.0005 0.9983 0.0008 7258448
#
# LH2 runs [hmstheta=12.53deg and shmstheta=6.495deg] (5150, 5160-63, 5166)
#
# 5160 131910 363 523821 724 0.8821 0.0031 0.9543 0.0056 0.7694 0.0047 0.7898 0.0056 0.7927 0.0071 0.7893 0.0100 0.7626 0.0223 1790540 513 129 794.710 42141.014 677258190 94999863 0.9748 0.0016 0.9930 0.0012 0.9487 0.0020 8390759
# 5161 226050 475 454220 674 0.8776 0.0023 0.9622 0.0042 0.8031 0.0045 0.8227 0.0054 0.8292 0.0068 0.8114 0.0096 0.8125 0.0212 1933744 513 65 833.186 36421.204 542096343 82639003 0.9629 0.0014 0.9943 0.0011 0.9610 0.0018 8594139
# 5162 149493 387 590954 769 0.8935 0.0029 0.9715 0.0052 0.8516 0.0034 0.8691 0.0040 0.8750 0.0051 0.8620 0.0073 0.8453 0.0155 1765811 257 65 752.184 22226.750 309749559 52749668 0.9752 0.0016 0.9960 0.0011 0.9746 0.0017 7663151
# 5163 144534 380 575065 758 0.9005 0.0029 0.9810 0.0052 0.9011 0.0030 0.9171 0.0035 0.9210 0.0044 0.9139 0.0064 0.8946 0.0132 1594516 129 33 704.488 10395.134 138046817 28508471 0.9616 0.0016 0.9979 0.0009 0.9880 0.0014 7468444
# 5166 100604 317 403305 635 0.8991 0.0034 0.9883 0.0062 0.9362 0.0032 0.9518 0.0038 0.9566 0.0048 0.9462 0.0070 0.9318 0.0142 1057976 65 17 719.776 3567.750 50194716 15063391 0.9909 0.0017 0.9992 0.0007 0.9958 0.0011 7852204
#
# LH2 runs [hmstheta=14.93deg and shmstheta=6.495deg] (5167-71)
#
# 5167 316488 563 535404 732 0.9744 0.0025 0.9835 0.0035 0.7572 0.0045 0.7709 0.0053 0.7746 0.0066 0.7676 0.0101 0.7531 0.0179 1841835 1025 33 1026.866 54737.373 1165249964 40991940 0.9764 0.0014 0.9978 0.0008 0.9343 0.0020 10768342
# 5168 192723 439 669051 818 0.9756 0.0032 0.9857 0.0045 0.7998 0.0036 0.8099 0.0042 0.8146 0.0052 0.8046 0.0080 0.7907 0.0141 1713463 513 33 788.632 33902.080 693387601 27083900 0.9417 0.0015 0.9982 0.0008 0.9475 0.0020 8458910
# 5169 258584 509 472262 687 0.9792 0.0027 0.9884 0.0038 0.8500 0.0037 0.8581 0.0042 0.8623 0.0053 0.8510 0.0083 0.8480 0.0143 1437757 513 17 759.845 21899.938 436106529 20289744 0.9953 0.0016 0.9987 0.0008 0.9663 0.0018 8222558
# 5170 140258 375 514041 717 0.9815 0.0037 0.9905 0.0052 0.9044 0.0030 0.9126 0.0035 0.9170 0.0044 0.9067 0.0069 0.8980 0.0114 1146021 257 17 775.451 11202.715 221591231 16039343 0.9773 0.0016 0.9993 0.0006 0.9837 0.0015 9841695
# 5171 92964 305 712084 844 0.9816 0.0045 0.9912 0.0063 0.9425 0.0023 0.9504 0.0027 0.9545 0.0034 0.9452 0.0054 0.9358 0.0087 1274154 65 9 752.235 3758.812 77022965 9955570 0.9845 0.0015 0.9997 0.0004 0.9940 0.0012 7879760
#
# carbon runs [hmstheta=14.93deg and shmstheta=6.495deg] (5175-76, 5178-79, 5181)
#
# 5175 181516 426 1411517 1188 0.9787 0.0032 0.9884 0.0045 0.8797 0.0020 0.8894 0.0023 0.8932 0.0029 0.8863 0.0044 0.8746 0.0070 2771897 65 9 844.308 43960.353 344365425 24261656 0.4336 0.0004 0.9987 0.0007 0.9753 0.0016 10107761
# 5176 180312 425 1254047 1120 0.9794 0.0032 0.9890 0.0045 0.8928 0.0020 0.9019 0.0023 0.9061 0.0030 0.8968 0.0045 0.8903 0.0072 2466729 65 9 747.201 32949.236 255937279 18439610 0.4988 0.0005 0.9988 0.0008 0.9799 0.0016 7805144
# 5178 206470 454 1127249 1062 0.9813 0.0030 0.9893 0.0042 0.9146 0.0020 0.9241 0.0023 0.9286 0.0030 0.9187 0.0045 0.9110 0.0071 2266127 65 9 716.142 21140.000 164282597 14217940 0.7274 0.0008 0.9991 0.0007 0.9868 0.0014 7382190
# 5179 137537 371 733375 856 0.9807 0.0036 0.9907 0.0052 0.9379 0.0024 0.9471 0.0027 0.9512 0.0035 0.9434 0.0053 0.9331 0.0082 1440816 65 9 720.403 10516.874 84444714 11455061 0.9414 0.0013 0.9996 0.0005 0.9932 0.0012 8070926
# 5181 54255 233 566813 753 0.9831 0.0058 0.9922 0.0082 0.9528 0.0026 0.9623 0.0030 0.9666 0.0038 0.9578 0.0058 0.9490 0.0089 961506 33 9 768.128 3832.972 35521107 9179153 0.9710 0.0015 0.9998 0.0003 0.9975 0.0009 7943234
############################################# Rest of cuts without beta, coin TDC > 0
#
# carbon runs [hmstheta=12.53deg and shmstheta=6.495deg] (5154-58)
#
# 5154 98974 315 126418 356 0.8998 0.0030 0.9731 0.0050 0.8788 0.0039 0.8976 0.0046 0.9008 0.0059 0.8976 0.0081 0.8733 0.0160 1311160 257 65 736.600 38087.421 200972011 48326837 0.9822 0.0018 0.9963 0.0010 0.9823 0.0016 7986135
# 5155 173824 417 115654 340 0.9073 0.0023 0.9768 0.0038 0.8883 0.0040 0.9072 0.0047 0.9117 0.0061 0.9025 0.0083 0.8917 0.0165 1639065 257 33 759.271 33419.369 173437030 43120135 0.9907 0.0016 0.9968 0.0010 0.9859 0.0015 7693688
# 5156 115701 340 159966 400 0.8979 0.0027 0.9818 0.0047 0.9086 0.0033 0.9269 0.0038 0.9313 0.0050 0.9243 0.0068 0.9037 0.0133 1448216 129 33 722.303 21634.859 110241609 30036146 0.9928 0.0017 0.9977 0.0009 0.9903 0.0014 7223162
# 5157 113176 336 165417 407 0.9114 0.0028 0.9868 0.0047 0.9298 0.0031 0.9482 0.0037 0.9525 0.0047 0.9440 0.0065 0.9328 0.0126 1370248 65 17 715.344 10545.562 55788836 18675086 0.9485 0.0015 0.9988 0.0008 0.9951 0.0011 7587561
# 5158 75680 275 116700 342 0.9192 0.0034 0.9904 0.0058 0.9431 0.0036 0.9621 0.0043 0.9668 0.0055 0.9586 0.0077 0.9401 0.0146 900969 33 9 725.832 3618.837 23416504 11071779 0.9777 0.0016 0.9995 0.0005 0.9983 0.0008 7258448
#
# LH2 runs [hmstheta=12.53deg and shmstheta=6.495deg] (5150, 5160-63, 5166)
#
# 5160 82464 287 119520 346 0.8821 0.0031 0.9543 0.0056 0.7694 0.0047 0.7898 0.0056 0.7927 0.0071 0.7893 0.0100 0.7626 0.0223 1790540 513 129 794.710 42141.014 677258190 94999863 0.9748 0.0016 0.9930 0.0012 0.9487 0.0020 8390759
# 5161 143831 379 117945 343 0.8776 0.0023 0.9622 0.0042 0.8031 0.0045 0.8227 0.0054 0.8292 0.0068 0.8114 0.0096 0.8125 0.0212 1933744 513 65 833.186 36421.204 542096343 82639003 0.9629 0.0014 0.9943 0.0011 0.9610 0.0018 8594139
# 5162 96793 311 177853 422 0.8935 0.0029 0.9715 0.0052 0.8516 0.0034 0.8691 0.0040 0.8750 0.0051 0.8620 0.0073 0.8453 0.0155 1765811 257 65 752.184 22226.750 309749559 52749668 0.9752 0.0016 0.9960 0.0011 0.9746 0.0017 7663151
# 5163 95583 309 198950 446 0.9005 0.0029 0.9810 0.0052 0.9011 0.0030 0.9171 0.0035 0.9210 0.0044 0.9139 0.0064 0.8946 0.0132 1594516 129 33 704.488 10395.134 138046817 28508471 0.9616 0.0016 0.9979 0.0009 0.9880 0.0014 7468444
# 5166 67400 260 153027 391 0.8991 0.0034 0.9883 0.0062 0.9362 0.0032 0.9518 0.0038 0.9566 0.0048 0.9462 0.0070 0.9318 0.0142 1057976 65 17 719.776 3567.750 50194716 15063391 0.9909 0.0017 0.9992 0.0007 0.9958 0.0011 7852204
#
# LH2 runs [hmstheta=14.93deg and shmstheta=6.495deg] (5167-71)
#
# 5167 211422 460 127972 358 0.9744 0.0025 0.9835 0.0035 0.7572 0.0045 0.7709 0.0053 0.7746 0.0066 0.7676 0.0101 0.7531 0.0179 1841835 1025 33 1026.866 54737.373 1165249964 40991940 0.9764 0.0014 0.9978 0.0008 0.9343 0.0020 10768342
# 5168 129044 359 183838 429 0.9756 0.0032 0.9857 0.0045 0.7998 0.0036 0.8099 0.0042 0.8146 0.0052 0.8046 0.0080 0.7907 0.0141 1713463 513 33 788.632 33902.080 693387601 27083900 0.9417 0.0015 0.9982 0.0008 0.9475 0.0020 8458910
# 5169 174193 417 153702 392 0.9792 0.0027 0.9884 0.0038 0.8500 0.0037 0.8581 0.0042 0.8623 0.0053 0.8510 0.0083 0.8480 0.0143 1437757 513 17 759.845 21899.938 436106529 20289744 0.9953 0.0016 0.9987 0.0008 0.9663 0.0018 8222558
# 5170 94818 308 194936 442 0.9815 0.0037 0.9905 0.0052 0.9044 0.0030 0.9126 0.0035 0.9170 0.0044 0.9067 0.0069 0.8980 0.0114 1146021 257 17 775.451 11202.715 221591231 16039343 0.9773 0.0016 0.9993 0.0006 0.9837 0.0015 9841695
# 5171 62902 251 298246 546 0.9816 0.0045 0.9912 0.0063 0.9425 0.0023 0.9504 0.0027 0.9545 0.0034 0.9452 0.0054 0.9358 0.0087 1274154 65 9 752.235 3758.812 77022965 9955570 0.9845 0.0015 0.9997 0.0004 0.9940 0.0012 7879760
#
# carbon runs [hmstheta=14.93deg and shmstheta=6.495deg] (5175-76, 5178-79, 5181)
#
# 5175 122352 350 486259 697 0.9787 0.0032 0.9884 0.0045 0.8797 0.0020 0.8894 0.0023 0.8932 0.0029 0.8863 0.0044 0.8746 0.0070 2771897 65 9 844.308 43960.353 344365425 24261656 0.4336 0.0004 0.9987 0.0007 0.9753 0.0016 10107761
# 5176 121887 349 449134 670 0.9794 0.0032 0.9890 0.0045 0.8928 0.0020 0.9019 0.0023 0.9061 0.0030 0.8968 0.0045 0.8903 0.0072 2466729 65 9 747.201 32949.236 255937279 18439610 0.4988 0.0005 0.9988 0.0008 0.9799 0.0016 7805144
# 5178 139950 374 426442 653 0.9813 0.0030 0.9893 0.0042 0.9146 0.0020 0.9241 0.0023 0.9286 0.0030 0.9187 0.0045 0.9110 0.0071 2266127 65 9 716.142 21140.000 164282597 14217940 0.7274 0.0008 0.9991 0.0007 0.9868 0.0014 7382190
# 5179 93002 305 295779 544 0.9807 0.0036 0.9907 0.0052 0.9379 0.0024 0.9471 0.0027 0.9512 0.0035 0.9434 0.0053 0.9331 0.0082 1440816 65 9 720.403 10516.874 84444714 11455061 0.9414 0.0013 0.9996 0.0005 0.9932 0.0012 8070926
# 5181 36942 192 237152 487 0.9831 0.0058 0.9922 0.0082 0.9528 0.0026 0.9623 0.0030 0.9666 0.0038 0.9578 0.0058 0.9490 0.0089 961506 33 9 768.128 3832.972 35521107 9179153 0.9710 0.0015 0.9998 0.0003 0.9975 0.0009 7943234
############################################# New CLT Calculations with TDC cuts
#
# carbon runs [hmstheta=12.53deg and shmstheta=6.495deg] (5154-58)
#
# 5154 166325 408 305652 553 0.8997 0.0029 0.9731 0.0049 0.8784 0.0038 0.8975 0.0046 0.9008 0.0059 0.8973 0.0081 0.8734 0.0159 1360355 745377 614978 257 65 736.600 38087.421 200972011 48326837 7986135
# 5155 287546 536 270201 520 0.9071 0.0022 0.9768 0.0037 0.8880 0.0039 0.9072 0.0047 0.9117 0.0061 0.9025 0.0082 0.8916 0.0164 1700569 638586 1061983 257 33 759.271 33419.369 173437030 43120135 7693688
# 5156 187245 433 352805 594 0.8978 0.0027 0.9817 0.0046 0.9085 0.0033 0.9269 0.0038 0.9313 0.0050 0.9244 0.0068 0.9039 0.0133 1477131 791972 685159 129 33 722.303 21634.859 110241609 30036146 7223162
# 5157 177625 421 344418 587 0.9114 0.0028 0.9869 0.0047 0.9297 0.0031 0.9482 0.0037 0.9526 0.0047 0.9440 0.0065 0.9331 0.0126 1383471 736556 646915 65 17 715.344 10545.562 55788836 18675086 7587561
# 5158 115998 341 235477 485 0.9193 0.0034 0.9904 0.0058 0.9431 0.0036 0.9621 0.0043 0.9668 0.0055 0.9586 0.0077 0.9399 0.0145 903779 485581 418198 33 9 725.832 3618.837 23416504 11071779 7258448
#
# LH2 runs [hmstheta=12.53deg and shmstheta=6.495deg] (5150, 5160-63, 5166)
#
# 5160 154507 393 425721 652 0.8820 0.0029 0.9542 0.0052 0.7682 0.0046 0.7903 0.0056 0.7927 0.0071 0.7906 0.0099 0.7648 0.0219 1949504 1287489 662015 513 129 794.710 42141.014 677258190 94999863 8390759
# 5161 259500 509 369085 608 0.8773 0.0022 0.9623 0.0040 0.8021 0.0045 0.8230 0.0053 0.8292 0.0068 0.8122 0.0095 0.8144 0.0209 2104235 1004930 1099305 513 65 833.186 36421.204 542096343 82639003 8594139
# 5162 165032 406 479815 693 0.8935 0.0028 0.9715 0.0049 0.8511 0.0034 0.8693 0.0040 0.8750 0.0051 0.8626 0.0072 0.8460 0.0153 1849724 1163776 685948 257 65 752.184 22226.750 309749559 52749668 7663151
# 5163 154119 393 464749 682 0.9003 0.0028 0.9809 0.0050 0.9009 0.0030 0.9171 0.0035 0.9210 0.0044 0.9140 0.0064 0.8948 0.0131 1631465 1001607 629858 129 33 704.488 10395.134 138046817 28508471 7468444
# 5166 103736 322 325862 571 0.8992 0.0034 0.9884 0.0061 0.9360 0.0032 0.9517 0.0038 0.9566 0.0048 0.9461 0.0070 0.9314 0.0141 1065978 646037 419941 65 17 719.776 3567.750 50194716 15063391 7852204
#
# LH2 runs [hmstheta=14.93deg and shmstheta=6.495deg] (5167-71)
#
# 5167 381592 618 454710 674 0.9745 0.0023 0.9836 0.0032 0.7567 0.0044 0.7713 0.0052 0.7746 0.0066 0.7692 0.0099 0.7536 0.0175 2023067 1116066 907001 1025 33 1026.866 54737.373 1165249964 40991940 10768342
# 5168 229549 479 568736 754 0.9758 0.0030 0.9858 0.0042 0.7995 0.0035 0.8103 0.0041 0.8145 0.0052 0.8059 0.0078 0.7930 0.0139 1830396 1287578 542818 513 33 788.632 33902.080 693387601 27083900 8458910
# 5169 298241 546 400422 633 0.9793 0.0026 0.9883 0.0036 0.8499 0.0036 0.8584 0.0042 0.8622 0.0053 0.8520 0.0081 0.8494 0.0141 1529354 826673 702681 513 17 759.845 21899.938 436106529 20289744 8222558
# 5170 153662 392 431890 657 0.9817 0.0036 0.9905 0.0050 0.9043 0.0030 0.9126 0.0035 0.9170 0.0044 0.9070 0.0069 0.8979 0.0113 1175734 815374 360360 257 17 775.451 11202.715 221591231 16039343 9841695
# 5171 97817 313 596092 772 0.9814 0.0045 0.9911 0.0063 0.9424 0.0023 0.9504 0.0027 0.9545 0.0034 0.9454 0.0053 0.9356 0.0087 1282570 1053842 228728 65 9 752.235 3758.812 77022965 9955570 7879760
#
# carbon runs [hmstheta=14.93deg and shmstheta=6.495deg] (5175-76, 5178-79, 5181)
#
# 5175 203577 451 1138725 1067 0.9787 0.0031 0.9884 0.0044 0.8795 0.0020 0.8895 0.0023 0.8932 0.0029 0.8867 0.0043 0.8750 0.0069 2852046 2356779 495267 65 9 844.308 43960.353 344365425 24261656 10107761
# 5176 200656 448 1008577 1004 0.9793 0.0031 0.9889 0.0044 0.8926 0.0020 0.9020 0.0023 0.9061 0.0030 0.8971 0.0044 0.8904 0.0071 2529788 2043103 486685 65 9 747.201 32949.236 255937279 18439610 7805144
# 5178 225695 475 905675 952 0.9813 0.0029 0.9893 0.0041 0.9145 0.0020 0.9242 0.0023 0.9286 0.0030 0.9190 0.0044 0.9115 0.0070 2308838 1764067 544771 65 9 716.142 21140.000 164282597 14217940 7382190
# 5179 146092 382 586687 766 0.9806 0.0036 0.9906 0.0051 0.9378 0.0024 0.9472 0.0027 0.9512 0.0035 0.9435 0.0053 0.9332 0.0081 1454645 1102156 352489 65 9 720.403 10516.874 84444714 11455061 8070926
# 5181 56377 237 452500 673 0.9830 0.0058 0.9921 0.0082 0.9528 0.0026 0.9623 0.0030 0.9666 0.0038 0.9578 0.0058 0.9490 0.0089 963865 827805 136060 33 9 768.128 3832.972 35521107 9179153 7943234
################### Cal cut recalculated
#
# carbon runs [hmstheta=12.53deg and shmstheta=6.495deg] (5154-58)
#
# 5154 204312 452 483810 696 0.8997 0.0029 0.9731 0.0049 0.8784 0.0038 0.8975 0.0046 0.9008 0.0059 0.8973 0.0081 0.8734 0.0159 1360372 745377 614995 257 65 736.600 38087.421 200972011 48326837 7986135
# 5155 352651 594 427477 654 0.9071 0.0022 0.9768 0.0037 0.8880 0.0039 0.9072 0.0047 0.9117 0.0061 0.9025 0.0082 0.8916 0.0164 1700596 638586 1062010 257 33 759.271 33419.369 173437030 43120135 7693688
# 5156 228667 478 556117 746 0.8978 0.0027 0.9817 0.0046 0.9085 0.0033 0.9269 0.0038 0.9313 0.0050 0.9244 0.0068 0.9039 0.0133 1477150 791972 685178 129 33 722.303 21634.859 110241609 30036146 7223162
# 5157 216765 466 543537 737 0.9114 0.0028 0.9869 0.0047 0.9297 0.0031 0.9482 0.0037 0.9526 0.0047 0.9440 0.0065 0.9331 0.0126 1383504 736556 646948 65 17 715.344 10545.562 55788836 18675086 7587561
# 5158 141062 376 370024 608 0.9193 0.0034 0.9904 0.0058 0.9431 0.0036 0.9621 0.0043 0.9668 0.0055 0.9586 0.0077 0.9399 0.0145 903795 485581 418214 33 9 725.832 3618.837 23416504 11071779 7258448
################### Cal and cer cut recalculated
#
# carbon runs [hmstheta=12.53deg and shmstheta=6.495deg] (5154-58)
#
# 5154 166325 408 305652 553 0.8997 0.0029 0.9731 0.0049 0.8784 0.0038 0.8975 0.0046 0.9008 0.0059 0.8973 0.0081 0.8734 0.0159 1360355 745377 614978 257 65 736.600 38087.421 200972011 48326837 7986135
# 5155 287546 536 270201 520 0.9071 0.0022 0.9768 0.0037 0.8880 0.0039 0.9072 0.0047 0.9117 0.0061 0.9025 0.0082 0.8916 0.0164 1700569 638586 1061983 257 33 759.271 33419.369 173437030 43120135 7693688
# 5156 187245 433 352805 594 0.8978 0.0027 0.9817 0.0046 0.9085 0.0033 0.9269 0.0038 0.9313 0.0050 0.9244 0.0068 0.9039 0.0133 1477131 791972 685159 129 33 722.303 21634.859 110241609 30036146 7223162
# 5157 177625 421 344418 587 0.9114 0.0028 0.9869 0.0047 0.9297 0.0031 0.9482 0.0037 0.9526 0.0047 0.9440 0.0065 0.9331 0.0126 1383471 736556 646915 65 17 715.344 10545.562 55788836 18675086 7587561
# 5158 115998 341 235477 485 0.9193 0.0034 0.9904 0.0058 0.9431 0.0036 0.9621 0.0043 0.9668 0.0055 0.9586 0.0077 0.9399 0.0145 903779 485581 418198 33 9 725.832 3618.837 23416504 11071779 7258448
################### Different CPU LT for HMS and SHMS
#
# carbon runs [hmstheta=12.53deg and shmstheta=6.495deg] (5154-58)
# 
5154 166325 408 305652 553 0.8997 0.0029 0.9731 0.0049 0.8784 0.0038 0.8975 0.0046 0.9008 0.0059 0.8973 0.0081 0.8734 0.0159 1360355 745377 614978 257 65 736.600 38087.421 200972011 48326837 7986135
5155 287546 536 270201 520 0.9071 0.0022 0.9768 0.0037 0.8880 0.0039 0.9072 0.0047 0.9117 0.0061 0.9025 0.0082 0.8916 0.0164 1700569 638586 1061983 257 33 759.271 33419.369 173437030 43120135 7693688
5156 187245 433 352805 594 0.8978 0.0027 0.9817 0.0046 0.9085 0.0033 0.9269 0.0038 0.9313 0.0050 0.9244 0.0068 0.9039 0.0133 1477131 791972 685159 129 33 722.303 21634.859 110241609 30036146 7223162
5157 177625 421 344418 587 0.9114 0.0028 0.9869 0.0047 0.9297 0.0031 0.9482 0.0037 0.9526 0.0047 0.9440 0.0065 0.9331 0.0126 1383471 736556 646915 65 17 715.344 10545.562 55788836 18675086 7587561
5158 115998 341 235477 485 0.9193 0.0034 0.9904 0.0058 0.9431 0.0036 0.9621 0.0043 0.9668 0.0055 0.9586 0.0077 0.9399 0.0145 903779 485581 418198 33 9 725.832 3618.837 23416504 11071779 7258448
#
# LH2 runs [hmstheta=12.53deg and shmstheta=6.495deg] (5150, 5160-63, 5166)
#
# 5160 154507 393 425721 652 0.8820 0.0029 0.9542 0.0052 0.7682 0.0046 0.7903 0.0056 0.7927 0.0071 0.7906 0.0099 0.7648 0.0219 1949504 1287489 662015 513 129 794.710 42141.014 677258190 94999863 8390759
# 5161 259500 509 369085 608 0.8773 0.0022 0.9623 0.0040 0.8021 0.0045 0.8230 0.0053 0.8292 0.0068 0.8122 0.0095 0.8144 0.0209 2104235 1004930 1099305 513 65 833.186 36421.204 542096343 82639003 8594139
# 5162 165032 406 479815 693 0.8935 0.0028 0.9715 0.0049 0.8511 0.0034 0.8693 0.0040 0.8750 0.0051 0.8626 0.0072 0.8460 0.0153 1849724 1163776 685948 257 65 752.184 22226.750 309749559 52749668 7663151
# 5163 154119 393 464749 682 0.9003 0.0028 0.9809 0.0050 0.9009 0.0030 0.9171 0.0035 0.9210 0.0044 0.9140 0.0064 0.8948 0.0131 1631465 1001607 629858 129 33 704.488 10395.134 138046817 28508471 7468444
# 5166 103736 322 325862 571 0.8992 0.0034 0.9884 0.0061 0.9360 0.0032 0.9517 0.0038 0.9566 0.0048 0.9461 0.0070 0.9314 0.0141 1065978 646037 419941 65 17 719.776 3567.750 50194716 15063391 7852204
#
# LH2 runs [hmstheta=14.93deg and shmstheta=6.495deg] (5167-71)
#
#
# carbon runs [hmstheta=14.93deg and shmstheta=6.495deg] (5175-76, 5178-79, 5181)
#
# 5175 203577 451 1138725 1067 0.9787 0.0031 0.9884 0.0044 0.8795 0.0020 0.8895 0.0023 0.8932 0.0029 0.8867 0.0043 0.8750 0.0069 2852046 2356779 495267 65 9 844.308 43960.353 344365425 24261656 10107761
# 5176 200656 448 1008577 1004 0.9793 0.0031 0.9889 0.0044 0.8926 0.0020 0.9020 0.0023 0.9061 0.0030 0.8971 0.0044 0.8904 0.0071 2529788 2043103 486685 65 9 747.201 32949.236 255937279 18439610 7805144
# 5178 225695 475 905675 952 0.9813 0.0029 0.9893 0.0041 0.9145 0.0020 0.9242 0.0023 0.9286 0.0030 0.9190 0.0044 0.9115 0.0070 2308838 1764067 544771 65 9 716.142 21140.000 164282597 14217940 7382190
# 5179 146092 382 586687 766 0.9806 0.0036 0.9906 0.0051 0.9378 0.0024 0.9472 0.0027 0.9512 0.0035 0.9435 0.0053 0.9332 0.0081 1454645 1102156 352489 65 9 720.403 10516.874 84444714 11455061 8070926
# 5181 56377 237 452500 673 0.9830 0.0058 0.9921 0.0082 0.9528 0.0026 0.9623 0.0030 0.9666 0.0038 0.9578 0.0058 0.9490 0.0089 963865 827805 136060 33 9 768.128 3832.972 35521107 9179153 7943234
############################################# SHMS strict pion cuts
#
# carbon runs [hmstheta=12.53deg and shmstheta=6.495deg] (5154-58)
#
# 5154 166325 408 262260 512 0.8993 0.0007 0.9731 0.0006 0.8989 0.0010 0.8975 0.0011 0.9021 0.0016 0.8973 0.0020 0.8734 0.0044 1360351 745377 614974 257 65 736.600 38087.421 200972011 48326837 7986135
# 5155 287545 536 231547 481 0.9073 0.0005 0.9768 0.0004 0.9086 0.0010 0.9072 0.0011 0.9128 0.0015 0.9025 0.0020 0.8916 0.0042 1700565 638586 1061979 257 33 759.271 33419.369 173437030 43120135 7693688
# 5156 187244 433 301459 549 0.8963 0.0007 0.9817 0.0004 0.9285 0.0007 0.9269 0.0008 0.9317 0.0011 0.9244 0.0014 0.9039 0.0031 1477123 791972 685151 129 33 722.303 21634.859 110241609 30036146 7223162
# 5157 177625 421 294046 542 0.9107 0.0007 0.9869 0.0004 0.9498 0.0005 0.9482 0.0006 0.9537 0.0008 0.9440 0.0011 0.9331 0.0024 1383460 736556 646904 65 17 715.344 10545.562 55788836 18675086 7587561
# 5158 115998 341 201034 448 0.9192 0.0008 0.9904 0.0004 0.9633 0.0005 0.9621 0.0006 0.9675 0.0008 0.9586 0.0011 0.9399 0.0026 903773 485581 418192 33 9 725.832 3618.837 23416504 11071779 7258448
#
# LH2 runs [hmstheta=12.53deg and shmstheta=6.495deg] (5150, 5160-63, 5166)
#
# 5160 154505 393 370153 608 0.8823 0.0008 0.9542 0.0008 0.7920 0.0019 0.7903 0.0021 0.7946 0.0030 0.7906 0.0038 0.7648 0.0091 1949499 1287489 662010 513 129 794.710 42141.014 677258190 94999863 8390759
# 5161 259498 509 319756 565 0.8758 0.0006 0.9623 0.0006 0.8239 0.0016 0.8230 0.0018 0.8311 0.0025 0.8122 0.0034 0.8144 0.0074 2104228 1004930 1099298 513 65 833.186 36421.204 542096343 82639003 8594139
# 5162 165031 406 413798 643 0.8926 0.0007 0.9715 0.0006 0.8703 0.0010 0.8693 0.0011 0.8769 0.0016 0.8626 0.0021 0.8460 0.0048 1849720 1163776 685944 257 65 752.184 22226.750 309749559 52749668 7663151
# 5163 154116 393 398453 631 0.8993 0.0007 0.9809 0.0005 0.9182 0.0007 0.9171 0.0008 0.9217 0.0010 0.9140 0.0014 0.8948 0.0033 1631458 1001607 629851 129 33 704.488 10395.134 138046817 28508471 7468444
# 5166 103736 322 278729 528 0.8963 0.0009 0.9884 0.0005 0.9528 0.0005 0.9517 0.0006 0.9580 0.0008 0.9461 0.0012 0.9314 0.0028 1065976 646037 419939 65 17 719.776 3567.750 50194716 15063391 7852204
#
# LH2 runs [hmstheta=14.93deg and shmstheta=6.495deg] (5167-71)
#
# 5167 381588 618 399856 632 0.9741 0.0003 0.9836 0.0003 0.7710 0.0019 0.7713 0.0021 0.7780 0.0030 0.7692 0.0041 0.7536 0.0076 2023060 1116066 906994 1025 33 1026.866 54737.373 1165249964 40991940 10768342
# 5168 229548 479 498338 706 0.9752 0.0004 0.9858 0.0004 0.8107 0.0013 0.8103 0.0015 0.8171 0.0021 0.8059 0.0029 0.7930 0.0053 1830394 1287578 542816 513 33 788.632 33902.080 693387601 27083900 8458910
# 5169 298240 546 349406 591 0.9788 0.0003 0.9883 0.0003 0.8599 0.0011 0.8584 0.0013 0.8633 0.0017 0.8520 0.0025 0.8494 0.0044 1529350 826673 702677 513 17 759.845 21899.938 436106529 20289744 8222558
# 5170 153661 392 374938 612 0.9815 0.0004 0.9905 0.0003 0.9134 0.0007 0.9126 0.0008 0.9182 0.0011 0.9070 0.0016 0.8979 0.0028 1175729 815374 360355 257 17 775.451 11202.715 221591231 16039343 9841695
# 5171 97815 313 515889 718 0.9807 0.0005 0.9911 0.0004 0.9515 0.0004 0.9504 0.0004 0.9551 0.0006 0.9454 0.0009 0.9356 0.0016 1282568 1053842 228726 65 9 752.235 3758.812 77022965 9955570 7879760
#
# carbon runs [hmstheta=14.93deg and shmstheta=6.495deg] (5175-76, 5178-79, 5181)
#
# 5175 203558 451 984191 992 0.9780 0.0004 0.9884 0.0003 0.8904 0.0005 0.8895 0.0006 0.8939 0.0008 0.8867 0.0011 0.8750 0.0019 2852009 2356779 495230 65 9 844.308 43960.353 344365425 24261656 10107761
# 5176 200647 448 870983 933 0.9785 0.0004 0.9889 0.0003 0.9030 0.0005 0.9020 0.0006 0.9077 0.0008 0.8971 0.0011 0.8904 0.0018 2529763 2043103 486660 65 9 747.201 32949.236 255937279 18439610 7805144
# 5178 225689 475 781048 884 0.9807 0.0003 0.9893 0.0003 0.9251 0.0004 0.9242 0.0005 0.9296 0.0007 0.9190 0.0010 0.9115 0.0016 2308827 1764067 544760 65 9 716.142 21140.000 164282597 14217940 7382190
# 5179 146092 382 504830 711 0.9794 0.0004 0.9906 0.0004 0.9482 0.0004 0.9472 0.0005 0.9525 0.0006 0.9435 0.0009 0.9332 0.0016 1454642 1102156 352486 65 9 720.403 10516.874 84444714 11455061 8070926
# 5181 56377 237 389197 624 0.9823 0.0006 0.9921 0.0005 0.9635 0.0004 0.9623 0.0004 0.9675 0.0006 0.9578 0.0009 0.9490 0.0015 963864 827805 136059 33 9 768.128 3832.972 35521107 9179153 7943234