501 24.15 5.322 9.906
827 24.15 5.322 9.906
1567 24.15 5.322 9.906
971 24.15 5.322 9.906
720 24.15 5.322 9.906
677 22.60 5.322 8.692
4291 18.80 6.590 7.500
1365 18.80 6.590 7.500
8092 17.20 6.590 6.287
6373 17.20 6.590 6.287
2199 19.75 6.620 8.270
8424 18.00 6.842 7.111
25827 16.25 6.842 5.805
15936 19.85 6.842 8.633
8625 13.80 6.842 4.194
7469 13.80 6.842 4.194
4346 20.00 6.311 8.082
17125 13.70 8.035 4.855
0 13.70 8.035 4.855
0 11.70 8.035 3.545
14081 11.70 8.035 3.545
23950 15.65 8.035 6.326
