0.0354 24.15 5.322 0.0288
0.0357 24.15 5.322 0.0104
0.0398 24.15 5.322 0.0098
0.0343 24.15 5.322 0.0100
0.0271 24.15 5.322 0.0148
0.0626 22.60 5.322 0.0270
0.2333 18.80 6.590 0.2684
0.1371 18.80 6.590 0.5258
0.3891 17.20 6.590 0.2056
0.4225 17.20 6.590 0.1931
0.0980 19.75 6.620 0.1822
0.2941 18.00 6.842 0.2295
0.4431 16.25 6.842 0.0497
0.1708 19.85 6.842 0.0174
0.1449 13.80 6.842 0.5913
0.1769 13.80 6.842 0.5784
0.1259 20.00 6.311 0.0800
0.5819 13.70 8.035 2.2838
0 13.70 8.035 4.4706
0 11.70 8.035 0.6601
0.5357 11.70 8.035 0.5931
0.9351 15.65 8.035 0.3036
