#RUN | HMS EVENTS | SHMS EVENTS | HMS TRACK   | E TRACK     | SHMS TRACK  | H TRACK     | PI TRACK    | K TRACK     | p TRACK    | ACC EDTM | TRIG1   | TRIG3    | TIME  | CHARGE  | PS1 COUNT | PS3 COUNT | COMP LT | HMS ELEC LT | SHMS ELEC LT | SENT EDTM
#    | UNCERTAINTIES FOLLOW THE VALUES (i.e. TWICE AS MANY COLUMNS AS INDICATED) |
# carbon runs [hmstheta=12.53deg and shmstheta=6.495deg] (5154-58)
5154 7493005 2737 34766446 5896 0.8992 0.0029 0.9729 0.0049 0.8775 0.0039 0.8967 0.0047 0.9028 0.0061 0.8921 0.0081 0.8714 0.0162 6788787 188778579 45111170 726.515 38024.455 200972011 48326837 0.9822 0.0018 0.9963 0.0010 0.9823 0.0016 7986135
5155 6617127 2572 32049442 5661 0.9065 0.0022 0.9766 0.0037 0.8873 0.0040 0.9066 0.0048 0.9131 0.0062 0.8985 0.0082 0.8919 0.0167 7054443 164807418 41043717 750.204 33345.633 173437030 43120135 0.9907 0.0016 0.9968 0.0010 0.9859 0.0015 7693688
5156 4336959 2083 22515144 4745 0.8972 0.0027 0.9816 0.0045 0.9081 0.0033 0.9266 0.0039 0.9322 0.0051 0.9220 0.0068 0.9041 0.0134 6819633 106657587 29136195 722.303 21634.859 110241609 30036146 0.9928 0.0017 0.9977 0.0009 0.9903 0.0014 7223162
5157 2121838 1457 11713325 3422 0.9108 0.0028 0.9866 0.0047 0.9296 0.0031 0.9478 0.0037 0.9528 0.0048 0.9423 0.0065 0.9330 0.0127 6512674 53518920 17654670 701.358 10456.412 55788836 18675086 0.9485 0.0015 0.9988 0.0008 0.9951 0.0011 7587561
5158 745416 863 4259970 2064 0.9188 0.0034 0.9903 0.0057 0.9427 0.0036 0.9617 0.0043 0.9668 0.0055 0.9577 0.0076 0.9395 0.0145 6405081 22422972 10786707 725.832 3618.837 23416504 11071779 0.9777 0.0016 0.9995 0.0005 0.9983 0.0008 7258448
# LH2 runs [hmstheta=12.53deg and shmstheta=6.495deg] (5150, 5160-63, 5166)
# 5150 45240 213 70360002 8388 0.8842 0.0361 0.9696 0.0644 0.7629 0.0048 0.7872 0.0058 0.8021 0.0077 0.7688 0.0096 0.7548 0.0219 27602650 757239300 295750 752.091 40485.002 645134585 90009590 0.8608 0.0012 0.9931 0.0012 0.9485 0.0020 7722827
# 5160 54954 234 72655164 8524 0.8645 0.0450 0.9536 0.0816 0.7641 0.0047 0.7864 0.0056 0.7896 0.0071 0.7884 0.0100 0.7438 0.0217 19279185 734790420 413187 792.650 42125.422 677258190 94999863 0.9748 0.0016 0.9930 0.0012 0.9487 0.0020 8390759
# 5161 37830 194 81627021 9035 0.8702 0.0374 0.9571 0.0668 0.7963 0.0042 0.8169 0.0050 0.8284 0.0066 0.8004 0.0085 0.8000 0.0190 41056178 716006412 251290 825.124 36355.831 542096343 82639003 0.9629 0.0014 0.9943 0.0011 0.9610 0.0018 8594139
# 5162 21775 148 53787016 7334 0.8974 0.0511 0.9692 0.0917 0.8487 0.0033 0.8673 0.0040 0.8771 0.0051 0.8548 0.0069 0.8390 0.0150 26065860 339234089 144820 744.134 22177.452 309749559 52749668 0.9752 0.0016 0.9960 0.0011 0.9746 0.0017 7663151
# 5163 6171 79 29243913 5408 0.8980 0.0651 0.9704 0.1190 0.8989 0.0030 0.9153 0.0035 0.9193 0.0044 0.9120 0.0064 0.8931 0.0130 28381098 141088590 43461 681.340 10222.752 138046817 28508471 0.9616 0.0016 0.9979 0.0009 0.9880 0.0014 7468444
# LH2 runs [hmstheta=14.93deg and shmstheta=6.495deg] (5167-71)
# 5167 32175 179 173706750 13180 0.9823 0.0379 0.9902 0.0525 0.7447 0.0042 0.7590 0.0050 0.7614 0.0063 0.7607 0.0095 0.7369 0.0166 121418779 1543045250 123684 1016.786 54695.385 1165249964 40991940 0.9764 0.0014 0.9978 0.0008 0.9343 0.0020 10768342
# 5168 16764 129 108370224 10410 0.9771 0.0510 0.9794 0.0707 0.7922 0.0036 0.8025 0.0042 0.8071 0.0053 0.7969 0.0080 0.7864 0.0140 58604841 733033908 71511 774.516 33839.523 693387601 27083900 0.9417 0.0015 0.9982 0.0008 0.9475 0.0020 8458910
# 5169 9401 97 100933263 10047 0.9789 0.0491 0.9954 0.0679 0.8406 0.0035 0.8488 0.0040 0.8535 0.0051 0.8426 0.0077 0.8342 0.0134 141616344 581669667 35870 744.712 21837.524 436106529 20289744 0.9953 0.0016 0.9987 0.0008 0.9663 0.0018 8222558
# 5170 3349 58 56344166 7506 0.9799 0.0806 0.9933 0.1153 0.8985 0.0030 0.9070 0.0035 0.9116 0.0044 0.9007 0.0069 0.8928 0.0113 92972605 235003627 14535 733.243 10962.056 221591231 16039343 0.9773 0.0016 0.9993 0.0006 0.9837 0.0015 9841695
# carbon runs [hmstheta=14.93deg and shmstheta=6.495deg] (5175-76, 5178-79, 5181)
# 5175 2835 53 34442265 5869 0.9840 0.0625 0.9960 0.0892 0.8773 0.0020 0.8873 0.0023 0.8910 0.0030 0.8849 0.0044 0.8722 0.0071 17610000 155731615 14814 826.961 43860.842 344365425 24261656 0.4336 0.0004 0.9987 0.0007 0.9753 0.0016 10107761
# 5176 2592 51 32163820 5671 0.9779 0.0654 0.9957 0.0925 0.8904 0.0020 0.8997 0.0024 0.9041 0.0030 0.8948 0.0045 0.8872 0.0072 20375161 137557745 12618 740.187 32922.846 255937279 18439610 0.4988 0.0005 0.9988 0.0008 0.9799 0.0016 7805144
# 5178 1980 44 30884815 5557 0.9858 0.0745 1.0000 0.1111 0.9117 0.0020 0.9215 0.0023 0.9259 0.0030 0.9162 0.0045 0.9092 0.0070 35151440 121815395 10503 707.360 21088.532 164282597 14217940 0.7274 0.0008 0.9991 0.0007 0.9868 0.0014 7382190
# 5179 855 29 21152495 4599 0.9935 0.1130 0.9870 0.1596 0.9350 0.0024 0.9443 0.0027 0.9486 0.0035 0.9401 0.0053 0.9305 0.0081 48644678 75252190 5220 694.523 10369.753 84444714 11455061 0.9414 0.0013 0.9996 0.0005 0.9932 0.0012 8070926

