|Clean pion cuts, Target carbon| Run Numbers 5154, 5155, 5156, 5157, 5158, 5158| 
-> Applied Cuts HMS: [[Ecal>0.6, Ecal<2.0, CernpeSum>2.0]]
----------------------------------------------------------------------------------------------------------------------------------------------------------------------|
RunNumber | Current | BeamTime | Charge   | HMS_count | HMS_countuncer | Rate   | PS3  | Yield_HMS | RelY_HMS | Uncer_HMS | TrEff_HMS | TrEffuncer | CPULT | CPULTuncer
----------------------------------------------------------------------------------------------------------------------------------------------------------------------|
     5154 | 51.71   | 736.6    | 38087.42 | 166325.0  | 408.0          | 225.8  | 65.0 | 294.38    | 1.0      | 0.0       | 0.97      | 0.0        | 0.99  | 0.0       
     5155 | 44.02   | 759.27   | 33419.37 | 287545.0  | 536.0          | 378.71 | 33.0 | 293.84    | 1.0      | 0.0       | 0.98      | 0.0        | 0.99  | 0.0       
     5156 | 29.95   | 722.3    | 21634.86 | 187244.0  | 433.0          | 259.23 | 33.0 | 293.54    | 1.0      | 0.0       | 0.98      | 0.0        | 0.99  | 0.0       
     5157 | 14.74   | 715.34   | 10545.56 | 177625.0  | 421.0          | 248.31 | 17.0 | 292.52    | 0.99     | 0.0       | 0.99      | 0.0        | 0.99  | 0.0       
     5158 | 4.99    | 725.83   | 3618.84  | 115998.0  | 341.0          | 159.81 | 9.0  | 295.12    | 1.0      | 0.0       | 0.99      | 0.0        | 0.99  | 0.0       
-----------------------------------------------------------------------------------------------------------------------------------------------------------------------------|
-> Applied Cuts SHMS: [[Ecal>0.6, Ecal<2.0, CernpeSum>2.0]]
-----------------------------------------------------------------------------------------------------------------------------------------------------------------------------|
RunNumber | Current | BeamTime | Charge   | SHMS_count | SHMS_countuncer | Rate   | PS3  | Yield_SHMS | RelY_SHMS | Uncer_SHMS | TrEff_SHMS | TrEffuncer | CPULT | CPULTuncer
-----------------------------------------------------------------------------------------------------------------------------------------------------------------------------|
     5154 | 51.71   | 736.6    | 38087.42 | 262260.0   | 512.0           | 356.04 | 65.0 | 1976.27    | 1.0       | 0.0        | 0.9        | 0.0        | 0.99  | 0.0       
     5155 | 44.02   | 759.27   | 33419.37 | 231547.0   | 481.0           | 304.96 | 33.0 | 1970.07    | 1.0       | 0.0        | 0.91       | 0.0        | 0.99  | 0.0       
     5156 | 29.95   | 722.3    | 21634.86 | 301459.0   | 549.0           | 417.36 | 33.0 | 1945.37    | 0.98      | 0.0        | 0.93       | 0.0        | 0.99  | 0.0       
     5157 | 14.74   | 715.34   | 10545.56 | 294046.0   | 542.0           | 411.06 | 17.0 | 1913.32    | 0.97      | 0.0        | 0.95       | 0.0        | 0.99  | 0.0       
     5158 | 4.99    | 725.83   | 3618.84  | 201034.0   | 448.0           | 276.97 | 9.0  | 1910.63    | 0.97      | 0.0        | 0.97       | 0.0        | 0.99  | 0.0       
----------------------------------------------------------------------------------------------------------------------------------------------------------------------|
 |Clean pion cuts, Target LH2| Run Numbers 5160, 5161, 5162, 5163, 5166, 5166| 
-> Applied Cuts HMS: [[Ecal>0.6, Ecal<2.0, CernpeSum>2.0]]
----------------------------------------------------------------------------------------------------------------------------------------------------------------------|
RunNumber | Current | BeamTime | Charge   | HMS_count | HMS_countuncer | Rate   | PS3   | Yield_HMS | RelY_HMS | Uncer_HMS | TrEff_HMS | TrEffuncer | CPULT | CPULTuncer
----------------------------------------------------------------------------------------------------------------------------------------------------------------------|
     5160 | 53.03   | 794.71   | 42141.02 | 154505.0  | 393.0          | 194.42 | 129.0 | 502.69    | 1.0      | 0.0       | 0.95      | 0.0        | 0.99  | 0.0       
     5161 | 43.71   | 833.19   | 36421.2  | 259498.0  | 509.0          | 311.45 | 65.0  | 498.71    | 0.99     | 0.0       | 0.96      | 0.0        | 0.97  | 0.0       
     5162 | 29.55   | 752.18   | 22226.75 | 165031.0  | 406.0          | 219.4  | 65.0  | 502.35    | 1.0      | 0.0       | 0.97      | 0.0        | 0.99  | 0.0       
     5163 | 14.76   | 704.49   | 10395.13 | 154116.0  | 393.0          | 218.76 | 33.0  | 504.9     | 1.0      | 0.0       | 0.98      | 0.0        | 0.99  | 0.0       
     5166 | 4.96    | 719.78   | 3567.75  | 103736.0  | 322.0          | 144.12 | 17.0  | 505.15    | 1.0      | 0.0       | 0.99      | 0.0        | 0.99  | 0.0       
-----------------------------------------------------------------------------------------------------------------------------------------------------------------------------|
-> Applied Cuts SHMS: [[Ecal>0.6, Ecal<2.0, CernpeSum>2.0]]
-----------------------------------------------------------------------------------------------------------------------------------------------------------------------------|
RunNumber | Current | BeamTime | Charge   | SHMS_count | SHMS_countuncer | Rate   | PS3   | Yield_SHMS | RelY_SHMS | Uncer_SHMS | TrEff_SHMS | TrEffuncer | CPULT | CPULTuncer
-----------------------------------------------------------------------------------------------------------------------------------------------------------------------------|
     5160 | 53.03   | 794.71   | 42141.02 | 370153.0   | 608.0           | 465.77 | 129.0 | 5742.81    | 1.0       | 0.0        | 0.79       | 0.0        | 0.99  | 0.0       
     5161 | 43.71   | 833.19   | 36421.2  | 319756.0   | 565.0           | 383.78 | 65.0  | 5608.05    | 0.98      | 0.0        | 0.83       | 0.0        | 0.97  | 0.0       
     5162 | 29.55   | 752.18   | 22226.75 | 413798.0   | 643.0           | 550.13 | 65.0  | 5510.92    | 0.96      | 0.0        | 0.88       | 0.0        | 0.99  | 0.0       
     5163 | 14.76   | 704.49   | 10395.13 | 398453.0   | 631.0           | 565.59 | 33.0  | 5421.65    | 0.94      | 0.0        | 0.92       | 0.0        | 0.99  | 0.0       
     5166 | 4.96    | 719.78   | 3567.75  | 278729.0   | 528.0           | 387.24 | 17.0  | 5344.92    | 0.93      | 0.0        | 0.96       | 0.0        | 0.99  | 0.0       
----------------------------------------------------------------------------------------------------------------------------------------------------------------------|
 |Clean pion cuts, Target LH2| Run Numbers 5167, 5168, 5169, 5170, 5171, 5171| 
-> Applied Cuts HMS: [[Ecal>0.6, Ecal<2.0, CernpeSum>2.0]]
----------------------------------------------------------------------------------------------------------------------------------------------------------------------|
RunNumber | Current | BeamTime | Charge   | HMS_count | HMS_countuncer | Rate   | PS3  | Yield_HMS | RelY_HMS | Uncer_HMS | TrEff_HMS | TrEffuncer | CPULT | CPULTuncer
----------------------------------------------------------------------------------------------------------------------------------------------------------------------|
     5167 | 53.31   | 1026.87  | 54737.37 | 381588.0  | 618.0          | 371.6  | 33.0 | 236.18    | 1.0      | 0.0       | 0.98      | 0.0        | 0.99  | 0.0       
     5168 | 42.99   | 788.63   | 33902.08 | 229548.0  | 479.0          | 291.07 | 33.0 | 235.67    | 1.0      | 0.0       | 0.99      | 0.0        | 0.96  | 0.0       
     5169 | 28.82   | 759.84   | 21899.94 | 298240.0  | 546.0          | 392.5  | 17.0 | 236.64    | 1.0      | 0.0       | 0.99      | 0.0        | 0.99  | 0.0       
     5170 | 14.45   | 775.45   | 11202.71 | 153661.0  | 392.0          | 198.16 | 17.0 | 238.17    | 1.01     | 0.0       | 0.99      | 0.0        | 0.99  | 0.0       
     5171 | 5.0     | 752.23   | 3758.81  | 97815.0   | 313.0          | 130.03 | 9.0  | 238.29    | 1.01     | 0.0       | 0.99      | 0.0        | 0.99  | 0.0       
-----------------------------------------------------------------------------------------------------------------------------------------------------------------------------|
-> Applied Cuts SHMS: [[Ecal>0.6, Ecal<2.0, CernpeSum>2.0]]
-----------------------------------------------------------------------------------------------------------------------------------------------------------------------------|
RunNumber | Current | BeamTime | Charge   | SHMS_count | SHMS_countuncer | Rate   | PS3  | Yield_SHMS | RelY_SHMS | Uncer_SHMS | TrEff_SHMS | TrEffuncer | CPULT | CPULTuncer
-----------------------------------------------------------------------------------------------------------------------------------------------------------------------------|
     5167 | 53.31   | 1026.87  | 54737.37 | 399856.0   | 632.0           | 389.39 | 33.0 | 9712.64    | 1.0       | 0.0        | 0.78       | 0.0        | 0.99  | 0.0       
     5168 | 42.99   | 788.63   | 33902.08 | 498338.0   | 706.0           | 631.9  | 33.0 | 9569.61    | 0.99      | 0.0        | 0.82       | 0.0        | 0.96  | 0.0       
     5169 | 28.82   | 759.84   | 21899.94 | 349406.0   | 591.0           | 459.84 | 17.0 | 9565.73    | 0.98      | 0.0        | 0.86       | 0.0        | 0.99  | 0.0       
     5170 | 14.45   | 775.45   | 11202.71 | 374938.0   | 612.0           | 483.51 | 17.0 | 9465.96    | 0.97      | 0.0        | 0.92       | 0.0        | 0.99  | 0.0       
     5171 | 5.0     | 752.23   | 3758.81  | 515889.0   | 718.0           | 685.81 | 9.0  | 9428.24    | 0.97      | 0.0        | 0.96       | 0.0        | 0.99  | 0.0       
----------------------------------------------------------------------------------------------------------------------------------------------------------------------|
 |Clean pion cuts, Target carbon| Run Numbers 5175, 5176, 5178, 5179, 5181, 5181| 
-> Applied Cuts HMS: [[Ecal>0.6, Ecal<2.0, CernpeSum>2.0]]
----------------------------------------------------------------------------------------------------------------------------------------------------------------------|
RunNumber | Current | BeamTime | Charge   | HMS_count | HMS_countuncer | Rate   | PS3 | Yield_HMS | RelY_HMS | Uncer_HMS | TrEff_HMS | TrEffuncer | CPULT | CPULTuncer
----------------------------------------------------------------------------------------------------------------------------------------------------------------------|
     5175 | 52.07   | 844.31   | 43960.35 | 203558.0  | 451.0          | 241.09 | 9.0 | 133.89    | 1.0      | 0.0       | 0.99      | 0.0        | 0.31  | 0.0       
     5176 | 44.1    | 747.2    | 32949.23 | 200647.0  | 448.0          | 268.53 | 9.0 | 134.56    | 1.0      | 0.0       | 0.99      | 0.0        | 0.41  | 0.0       
     5178 | 29.52   | 716.14   | 21140.0  | 225689.0  | 475.0          | 315.15 | 9.0 | 135.41    | 1.01     | 0.0       | 0.99      | 0.0        | 0.72  | 0.0       
     5179 | 14.6    | 720.4    | 10516.87 | 146092.0  | 382.0          | 202.79 | 9.0 | 134.63    | 1.01     | 0.0       | 0.99      | 0.0        | 0.94  | 0.0       
     5181 | 4.99    | 768.13   | 3832.97  | 56377.0   | 237.0          | 73.4   | 9.0 | 134.67    | 1.01     | 0.0       | 0.99      | 0.0        | 0.99  | 0.0       
-----------------------------------------------------------------------------------------------------------------------------------------------------------------------------|
-> Applied Cuts SHMS: [[Ecal>0.6, Ecal<2.0, CernpeSum>2.0]]
-----------------------------------------------------------------------------------------------------------------------------------------------------------------------------|
RunNumber | Current | BeamTime | Charge   | SHMS_count | SHMS_countuncer | Rate    | PS3 | Yield_SHMS | RelY_SHMS | Uncer_SHMS | TrEff_SHMS | TrEffuncer | CPULT | CPULTuncer
-----------------------------------------------------------------------------------------------------------------------------------------------------------------------------|
     5175 | 52.07   | 844.31   | 43960.35 | 984191.0   | 992.0           | 1165.68 | 9.0 | 3552.15    | 1.0       | 0.0        | 0.89       | 0.0        | 0.46  | 0.0       
     5176 | 44.1    | 747.2    | 32949.23 | 870983.0   | 933.0           | 1165.66 | 9.0 | 3536.83    | 1.0       | 0.0        | 0.91       | 0.0        | 0.54  | 0.0       
     5178 | 29.52   | 716.14   | 21140.0  | 781048.0   | 884.0           | 1090.63 | 9.0 | 3534.97    | 1.0       | 0.0        | 0.93       | 0.0        | 0.73  | 0.0       
     5179 | 14.6    | 720.4    | 10516.87 | 504830.0   | 711.0           | 700.76  | 9.0 | 3492.17    | 0.98      | 0.0        | 0.95       | 0.0        | 0.94  | 0.0       
     5181 | 4.99    | 768.13   | 3832.97  | 389197.0   | 624.0           | 506.68  | 9.0 | 3496.36    | 0.98      | 0.0        | 0.97       | 0.0        | 0.99  | 0.0       
----------------------------------------------------------------------------------------------------------------------------------------------------------------------|
----------------------------------------------------------------------------------------------------------------------------------------------------------------------|
 |Expanded table, Target LH2| Run Numbers 5154, 5155, 5156, 5157, 5158, 5158| 
-> Applied Cuts HMS: [[Ecal>0.6, Ecal<2.0, CernpeSum>2.0]]
----------------------------------------------------------------------------------------------------------------------------------------------------------------------|
RunNumber | Current_BCM4A | BeamTime | Charge_BCM1 | Charge_BCM2 | Charge_BCM4A | Charge_BCM4B | scaler_ELreal | HMS_count | HMS_countuncer | Rate   | PS3  | Yield_HMS | RelY_HMS | Uncer_HMS | TrEff_HMS | TrEffuncer | CPULT | CPULTuncer
----------------------------------------------------------------------------------------------------------------------------------------------------------------------|
     5154 | 52.05         | 736.6    | 37747.45    | 37749.55    | 38339.79     | 38087.42     | 48326836.0    | 168091.0  | 410.0          | 228.2  | 65.0 | 248.03    | 1.0      | 0.0       | 0.97      | 0.0        | 1.18  | 0.0       
     5155 | 44.29         | 759.27   | 33265.09    | 33275.16    | 33625.02     | 33419.37     | 43120136.0    | 290709.0  | 539.0          | 382.88 | 33.0 | 241.35    | 0.97     | 0.0       | 0.98      | 0.0        | 1.21  | 0.0       
     5156 | 30.12         | 722.3    | 21466.06    | 21482.94    | 21752.35     | 21634.86     | 30036146.0    | 189293.0  | 435.0          | 262.07 | 33.0 | 222.97    | 0.9      | 0.0       | 0.98      | 0.0        | 1.31  | 0.0       
     5157 | 14.73         | 715.34   | 10410.19    | 10409.15    | 10538.19     | 10545.56     | 18675086.0    | 179523.0  | 424.0          | 250.96 | 17.0 | 179.54    | 0.72     | 0.0       | 0.99      | 0.0        | 1.63  | 0.0       
     5158 | 4.92          | 725.83   | 3537.23     | 3523.1      | 3572.07      | 3618.84      | 11071779.0    | 117325.0  | 343.0          | 161.64 | 9.0  | 105.17    | 0.42     | 0.0       | 0.99      | 0.0        | 2.84  | 0.0       
-----------------------------------------------------------------------------------------------------------------------------------------------------------------------------|
-> Applied Cuts SHMS: [[Ecal>0.6, Ecal<2.0, CernpeSum>2.0]]
-----------------------------------------------------------------------------------------------------------------------------------------------------------------------------|
RunNumber | Current_BCM4A | BeamTime | Charge_BCM1 | Charge_BCM2 | Charge_BCM4A | Charge_BCM4B | scaler_3of4 | SHMS_count | SHMS_countuncer | Rate   | PS3  | Yield_SHMS | RelY_SHMS | Uncer_SHMS | TrEff_SHMS | TrEffuncer | CPULT | CPULTuncer
-----------------------------------------------------------------------------------------------------------------------------------------------------------------------------|
     5154 | 52.05         | 736.6    | 37747.45    | 37749.55    | 38339.79     | 38087.42     | 200972016.0 | 257908.0   | 508.0           | 350.13 | 65.0 | 1843.64    | 1.0       | 0.0        | 0.9        | 0.0        | 1.04  | 0.0       
     5155 | 44.29         | 759.27   | 33265.09    | 33275.16    | 33625.02     | 33419.37     | 173437024.0 | 227759.0   | 477.0           | 299.97 | 33.0 | 1827.1     | 0.99      | 0.0        | 0.91       | 0.0        | 1.04  | 0.0       
     5156 | 30.12         | 722.3    | 21466.06    | 21482.94    | 21752.35     | 21634.86     | 110241608.0 | 296564.0   | 545.0           | 410.58 | 33.0 | 1764.06    | 0.96      | 0.0        | 0.93       | 0.0        | 1.07  | 0.0       
     5157 | 14.73         | 715.34   | 10410.19    | 10409.15    | 10538.19     | 10545.56     | 55788836.0  | 289172.0   | 538.0           | 404.24 | 17.0 | 1627.38    | 0.88      | 0.0        | 0.95       | 0.0        | 1.15  | 0.0       
     5158 | 4.92          | 725.83   | 3537.23     | 3523.1      | 3572.07      | 3618.84      | 23416504.0  | 197897.0   | 445.0           | 272.65 | 9.0  | 1306.62    | 0.71      | 0.0        | 0.97       | 0.0        | 1.45  | 0.0       
----------------------------------------------------------------------------------------------------------------------------------------------------------------------|
 |Expanded table, Target LH2| Run Numbers 5154, 5155, 5156, 5157, 5158, 5158| 
-> Applied Cuts HMS: [[Ecal>0.6, Ecal<2.0, CernpeSum>2.0]]
----------------------------------------------------------------------------------------------------------------------------------------------------------------------|
RunNumber | Current_BCM4A | BeamTime | Charge_BCM1 | Charge_BCM2 | Charge_BCM4A | Charge_BCM4B | scaler_ELreal | HMS_count | HMS_countuncer | Rate   | PS3  | Yield_HMS | RelY_HMS | Uncer_HMS | TrEff_HMS | TrEffuncer | CPULT  | CPULTuncer
----------------------------------------------------------------------------------------------------------------------------------------------------------------------|
     5154 | 52.05         | 736.6    | 37747.45    | 37749.55    | 38339.79     | 38087.42     | 48326836.0    | 168091.0  | 410.0          | 228.2  | 65.0 | -25.06    | 1.0      | 0.0       | 0.97      | 0.0        | -11.69 | 0.0       
     5155 | 44.29         | 759.27   | 33265.09    | 33275.16    | 33625.02     | 33419.37     | 43120136.0    | 290709.0  | 539.0          | 382.88 | 33.0 | -49.04    | 1.96     | 0.0       | 0.98      | 0.0        | -5.96  | 0.0       
     5156 | 30.12         | 722.3    | 21466.06    | 21482.94    | 21752.35     | 21634.86     | 30036146.0    | 189293.0  | 435.0          | 262.07 | 33.0 | -32.02    | 1.28     | 0.0       | 0.98      | 0.0        | -9.14  | 0.0       
     5157 | 14.73         | 715.34   | 10410.19    | 10409.15    | 10538.19     | 10545.56     | 18675086.0    | 179523.0  | 424.0          | 250.96 | 17.0 | -29.35    | 1.17     | 0.0       | 0.99      | 0.0        | -10.0  | 0.0       
     5158 | 4.92          | 725.83   | 3537.23     | 3523.1      | 3572.07      | 3618.84      | 11071779.0    | 117325.0  | 343.0          | 161.64 | 9.0  | -20.88    | 0.83     | 0.0       | 0.99      | 0.0        | -14.29 | 0.0       
-----------------------------------------------------------------------------------------------------------------------------------------------------------------------------|
-> Applied Cuts SHMS: [[Ecal>0.6, Ecal<2.0, CernpeSum>2.0]]
-----------------------------------------------------------------------------------------------------------------------------------------------------------------------------|
RunNumber | Current_BCM4A | BeamTime | Charge_BCM1 | Charge_BCM2 | Charge_BCM4A | Charge_BCM4B | scaler_3of4 | SHMS_count | SHMS_countuncer | Rate   | PS3  | Yield_SHMS | RelY_SHMS | Uncer_SHMS | TrEff_SHMS | TrEffuncer | CPULT  | CPULTuncer
-----------------------------------------------------------------------------------------------------------------------------------------------------------------------------|
     5154 | 52.05         | 736.6    | 37747.45    | 37749.55    | 38339.79     | 38087.42     | 200972016.0 | 257908.0   | 508.0           | 350.13 | 65.0 | -199.33    | 1.0       | 0.0        | 0.9        | 0.0        | -9.6   | 0.0       
     5155 | 44.29         | 759.27   | 33265.09    | 33275.16    | 33625.02     | 33419.37     | 173437024.0 | 227759.0   | 477.0           | 299.97 | 33.0 | -175.04    | 0.88      | 0.0        | 0.91       | 0.0        | -10.89 | 0.0       
     5156 | 30.12         | 722.3    | 21466.06    | 21482.94    | 21752.35     | 21634.86     | 110241608.0 | 296564.0   | 545.0           | 410.58 | 33.0 | -236.24    | 1.19      | 0.0        | 0.93       | 0.0        | -7.98  | 0.0       
     5157 | 14.73         | 715.34   | 10410.19    | 10409.15    | 10538.19     | 10545.56     | 55788836.0  | 289172.0   | 538.0           | 404.24 | 17.0 | -205.64    | 1.03      | 0.0        | 0.95       | 0.0        | -9.08  | 0.0       
     5158 | 4.92          | 725.83   | 3537.23     | 3523.1      | 3572.07      | 3618.84      | 23416504.0  | 197897.0   | 445.0           | 272.65 | 9.0  | -141.12    | 0.71      | 0.0        | 0.97       | 0.0        | -13.38 | 0.0       
----------------------------------------------------------------------------------------------------------------------------------------------------------------------|
 |Expanded table, Target LH2| Run Numbers 5154, 5155, 5156, 5157, 5158, 5158| 
-> Applied Cuts HMS: [[Ecal>0.6, Ecal<2.0, CernpeSum>2.0]]
----------------------------------------------------------------------------------------------------------------------------------------------------------------------|
RunNumber | Current_BCM4A | BeamTime | Charge_BCM1 | Charge_BCM2 | Charge_BCM4A | Charge_BCM4B | scaler_ELreal | HMS_count | HMS_countuncer | Rate   | PS3  | Yield_HMS | RelY_HMS | Uncer_HMS | TrEff_HMS | TrEffuncer | CPULT  | CPULTuncer
----------------------------------------------------------------------------------------------------------------------------------------------------------------------|
     5154 | 52.05         | 736.6    | 37747.45    | 37749.55    | 38339.79     | 38087.42     | 48326836.0    | 167754.0  | 410.0          | 227.74 | 65.0 | -24.71    | 1.0      | 0.0       | 0.97      | 0.0        | -11.83 | 0.0       
     5155 | 44.29         | 759.27   | 33265.09    | 33275.16    | 33625.02     | 33419.37     | 43120136.0    | 289727.0  | 538.0          | 381.59 | 33.0 | -47.51    | 1.92     | 0.0       | 0.98      | 0.0        | -6.13  | 0.0       
     5156 | 30.12         | 722.3    | 21466.06    | 21482.94    | 21752.35     | 21634.86     | 30036146.0    | 189021.0  | 435.0          | 261.69 | 33.0 | -31.13    | 1.26     | 0.0       | 0.98      | 0.0        | -9.38  | 0.0       
     5157 | 14.73         | 715.34   | 10410.19    | 10409.15    | 10538.19     | 10545.56     | 18675086.0    | 179354.0  | 424.0          | 250.72 | 17.0 | -27.9     | 1.13     | 0.0       | 0.99      | 0.0        | -10.51 | 0.0       
     5158 | 4.92          | 725.83   | 3537.23     | 3523.1      | 3572.07      | 3618.84      | 11071779.0    | 117289.0  | 342.0          | 161.59 | 9.0  | -18.89    | 0.76     | 0.0       | 0.99      | 0.0        | -15.8  | 0.0       
-----------------------------------------------------------------------------------------------------------------------------------------------------------------------------|
-> Applied Cuts SHMS: [[Ecal>0.6, Ecal<2.0, CernpeSum>2.0]]
-----------------------------------------------------------------------------------------------------------------------------------------------------------------------------|
RunNumber | Current_BCM4A | BeamTime | Charge_BCM1 | Charge_BCM2 | Charge_BCM4A | Charge_BCM4B | scaler_3of4 | SHMS_count | SHMS_countuncer | Rate   | PS3  | Yield_SHMS | RelY_SHMS | Uncer_SHMS | TrEff_SHMS | TrEffuncer | CPULT  | CPULTuncer
-----------------------------------------------------------------------------------------------------------------------------------------------------------------------------|
     5154 | 52.05         | 736.6    | 37747.45    | 37749.55    | 38339.79     | 38087.42     | 200972016.0 | 196917.0   | 444.0           | 267.33 | 65.0 | -145.72    | 1.0       | 0.0        | 0.91       | 0.0        | -9.95  | 0.0       
     5155 | 44.29         | 759.27   | 33265.09    | 33275.16    | 33625.02     | 33419.37     | 173437024.0 | 173499.0   | 417.0           | 228.51 | 33.0 | -130.24    | 0.89      | 0.0        | 0.92       | 0.0        | -11.07 | 0.0       
     5156 | 30.12         | 722.3    | 21466.06    | 21482.94    | 21752.35     | 21634.86     | 110241608.0 | 228909.0   | 478.0           | 316.92 | 33.0 | -176.67    | 1.21      | 0.0        | 0.94       | 0.0        | -8.2   | 0.0       
     5157 | 14.73         | 715.34   | 10410.19    | 10409.15    | 10538.19     | 10545.56     | 55788836.0  | 223950.0   | 473.0           | 313.07 | 17.0 | -159.57    | 1.1       | 0.0        | 0.96       | 0.0        | -9.05  | 0.0       
     5158 | 4.92          | 725.83   | 3537.23     | 3523.1      | 3572.07      | 3618.84      | 23416504.0  | 150707.0   | 388.0           | 207.63 | 9.0  | -115.11    | 0.79      | 0.0        | 0.97       | 0.0        | -12.49 | 0.0       
----------------------------------------------------------------------------------------------------------------------------------------------------------------------|
 |Expanded table, Target carbon| Run Numbers 5154, 5155, 5156, 5157, 5158, 5158| 
-> Applied Cuts HMS: [[Ecal>0.6, Ecal<2.0, CernpeSum>2.0]]
----------------------------------------------------------------------------------------------------------------------------------------------------------------------|
RunNumber | Current_BCM4A | BeamTime | Charge_BCM1 | Charge_BCM2 | Charge_BCM4A | Charge_BCM4B | scaler_ELreal | HMS_count | HMS_countuncer | Rate   | PS3  | Yield_HMS | RelY_HMS | Uncer_HMS | TrEff_HMS | TrEffuncer | CPULT  | CPULTuncer
----------------------------------------------------------------------------------------------------------------------------------------------------------------------|
     5154 | 52.05         | 736.6    | 37747.45    | 37749.55    | 38339.79     | 38087.42     | 48326836.0    | 167754.0  | 410.0          | 227.74 | 65.0 | -24.71    | 1.0      | 0.0       | 0.97      | 0.0        | -11.83 | 0.0       
     5155 | 44.29         | 759.27   | 33265.09    | 33275.16    | 33625.02     | 33419.37     | 43120136.0    | 289727.0  | 538.0          | 381.59 | 33.0 | -47.51    | 1.92     | 0.0       | 0.98      | 0.0        | -6.13  | 0.0       
     5156 | 30.12         | 722.3    | 21466.06    | 21482.94    | 21752.35     | 21634.86     | 30036146.0    | 189021.0  | 435.0          | 261.69 | 33.0 | -31.13    | 1.26     | 0.0       | 0.98      | 0.0        | -9.38  | 0.0       
     5157 | 14.73         | 715.34   | 10410.19    | 10409.15    | 10538.19     | 10545.56     | 18675086.0    | 179354.0  | 424.0          | 250.72 | 17.0 | -27.9     | 1.13     | 0.0       | 0.99      | 0.0        | -10.51 | 0.0       
     5158 | 4.92          | 725.83   | 3537.23     | 3523.1      | 3572.07      | 3618.84      | 11071779.0    | 117289.0  | 342.0          | 161.59 | 9.0  | -18.89    | 0.76     | 0.0       | 0.99      | 0.0        | -15.8  | 0.0       
-----------------------------------------------------------------------------------------------------------------------------------------------------------------------------|
-> Applied Cuts SHMS: [[Ecal>0.6, Ecal<2.0, CernpeSum>2.0]]
-----------------------------------------------------------------------------------------------------------------------------------------------------------------------------|
RunNumber | Current_BCM4A | BeamTime | Charge_BCM1 | Charge_BCM2 | Charge_BCM4A | Charge_BCM4B | scaler_3of4 | SHMS_count | SHMS_countuncer | Rate   | PS3  | Yield_SHMS | RelY_SHMS | Uncer_SHMS | TrEff_SHMS | TrEffuncer | CPULT  | CPULTuncer
-----------------------------------------------------------------------------------------------------------------------------------------------------------------------------|
     5154 | 52.05         | 736.6    | 37747.45    | 37749.55    | 38339.79     | 38087.42     | 200972016.0 | 196917.0   | 444.0           | 267.33 | 65.0 | -145.72    | 1.0       | 0.0        | 0.91       | 0.0        | -9.95  | 0.0       
     5155 | 44.29         | 759.27   | 33265.09    | 33275.16    | 33625.02     | 33419.37     | 173437024.0 | 173499.0   | 417.0           | 228.51 | 33.0 | -130.24    | 0.89      | 0.0        | 0.92       | 0.0        | -11.07 | 0.0       
     5156 | 30.12         | 722.3    | 21466.06    | 21482.94    | 21752.35     | 21634.86     | 110241608.0 | 228909.0   | 478.0           | 316.92 | 33.0 | -176.67    | 1.21      | 0.0        | 0.94       | 0.0        | -8.2   | 0.0       
     5157 | 14.73         | 715.34   | 10410.19    | 10409.15    | 10538.19     | 10545.56     | 55788836.0  | 223950.0   | 473.0           | 313.07 | 17.0 | -159.57    | 1.1       | 0.0        | 0.96       | 0.0        | -9.05  | 0.0       
     5158 | 4.92          | 725.83   | 3537.23     | 3523.1      | 3572.07      | 3618.84      | 23416504.0  | 150707.0   | 388.0           | 207.63 | 9.0  | -115.11    | 0.79      | 0.0        | 0.97       | 0.0        | -12.49 | 0.0       
----------------------------------------------------------------------------------------------------------------------------------------------------------------------|
 |Expanded table, Target carbon| Run Numbers 5154, 5155, 5156, 5157, 5158, 5158| 
-> Applied Cuts HMS: [[Ecal>0.6, Ecal<2.0, CernpeSum>2.0]]
----------------------------------------------------------------------------------------------------------------------------------------------------------------------|
RunNumber | Current_BCM4A | BeamTime | Charge_BCM1 | Charge_BCM2 | Charge_BCM4A | Charge_BCM4B | scaler_ELreal | HMS_count | HMS_countuncer | Rate   | PS3  | Yield_HMS | RelY_HMS | Uncer_HMS | TrEff_HMS | TrEffuncer | CPULT  | CPULTuncer
----------------------------------------------------------------------------------------------------------------------------------------------------------------------|
     5154 | 52.05         | 736.6    | 37747.45    | 37749.55    | 38339.79     | 38087.42     | 48326836.0    | 167754.0  | 410.0          | 227.74 | 65.0 | -24.71    | 1.0      | 0.0       | 0.97      | 0.0        | -11.83 | 0.0       
     5155 | 44.29         | 759.27   | 33265.09    | 33275.16    | 33625.02     | 33419.37     | 43120136.0    | 289727.0  | 538.0          | 381.59 | 33.0 | -47.51    | 1.92     | 0.0       | 0.98      | 0.0        | -6.13  | 0.0       
     5156 | 30.12         | 722.3    | 21466.06    | 21482.94    | 21752.35     | 21634.86     | 30036146.0    | 189021.0  | 435.0          | 261.69 | 33.0 | -31.13    | 1.26     | 0.0       | 0.98      | 0.0        | -9.38  | 0.0       
     5157 | 14.73         | 715.34   | 10410.19    | 10409.15    | 10538.19     | 10545.56     | 18675086.0    | 179354.0  | 424.0          | 250.72 | 17.0 | -27.9     | 1.13     | 0.0       | 0.99      | 0.0        | -10.51 | 0.0       
     5158 | 4.92          | 725.83   | 3537.23     | 3523.1      | 3572.07      | 3618.84      | 11071779.0    | 117289.0  | 342.0          | 161.59 | 9.0  | -18.89    | 0.76     | 0.0       | 0.99      | 0.0        | -15.8  | 0.0       
-----------------------------------------------------------------------------------------------------------------------------------------------------------------------------|
-> Applied Cuts SHMS: [[Ecal>0.6, Ecal<2.0, CernpeSum>2.0]]
-----------------------------------------------------------------------------------------------------------------------------------------------------------------------------|
RunNumber | Current_BCM4A | BeamTime | Charge_BCM1 | Charge_BCM2 | Charge_BCM4A | Charge_BCM4B | scaler_3of4 | SHMS_count | SHMS_countuncer | Rate   | PS3  | Yield_SHMS | RelY_SHMS | Uncer_SHMS | TrEff_SHMS | TrEffuncer | CPULT  | CPULTuncer
-----------------------------------------------------------------------------------------------------------------------------------------------------------------------------|
     5154 | 52.05         | 736.6    | 37747.45    | 37749.55    | 38339.79     | 38087.42     | 200972016.0 | 196917.0   | 444.0           | 267.33 | 65.0 | -145.72    | 1.0       | 0.0        | 0.91       | 0.0        | -9.95  | 0.0       
     5155 | 44.29         | 759.27   | 33265.09    | 33275.16    | 33625.02     | 33419.37     | 173437024.0 | 173499.0   | 417.0           | 228.51 | 33.0 | -130.24    | 0.89      | 0.0        | 0.92       | 0.0        | -11.07 | 0.0       
     5156 | 30.12         | 722.3    | 21466.06    | 21482.94    | 21752.35     | 21634.86     | 110241608.0 | 228909.0   | 478.0           | 316.92 | 33.0 | -176.67    | 1.21      | 0.0        | 0.94       | 0.0        | -8.2   | 0.0       
     5157 | 14.73         | 715.34   | 10410.19    | 10409.15    | 10538.19     | 10545.56     | 55788836.0  | 223950.0   | 473.0           | 313.07 | 17.0 | -159.57    | 1.1       | 0.0        | 0.96       | 0.0        | -9.05  | 0.0       
     5158 | 4.92          | 725.83   | 3537.23     | 3523.1      | 3572.07      | 3618.84      | 23416504.0  | 150707.0   | 388.0           | 207.63 | 9.0  | -115.11    | 0.79      | 0.0        | 0.97       | 0.0        | -12.49 | 0.0       
----------------------------------------------------------------------------------------------------------------------------------------------------------------------|
 |Expanded table, Target carbon| Run Numbers 5154, 5155, 5156, 5157, 5158, 5158| 
-> Applied Cuts HMS: [[Ecal>0.6, Ecal<2.0, CernpeSum>2.0]]
----------------------------------------------------------------------------------------------------------------------------------------------------------------------|
RunNumber | Current_BCM4A | BeamTime | Charge_BCM1 | Charge_BCM2 | Charge_BCM4A | Charge_BCM4B | scaler_ELreal | HMS_count | HMS_countuncer | Rate | PS3  | Yield_HMS | RelY_HMS | Uncer_HMS | TrEff_HMS | TrEffuncer | CPULT | CPULTuncer
----------------------------------------------------------------------------------------------------------------------------------------------------------------------|
     5154 | 52.05         | 736.6    | 37747.45    | 37749.55    | 38339.79     | 38087.42     | 48326836.0    | 20.0      | 4.0            | 0.03 | 65.0 | 48.16     | 1.0      | 0.22      | 1.0       | 0.0        | 0.0   | 0.01      
     5155 | 44.29         | 759.27   | 33265.09    | 33275.16    | 33625.02     | 33419.37     | 43120136.0    | 35.0      | 6.0            | 0.05 | 33.0 | 48.91     | 1.02     | 0.17      | 1.0       | 0.0        | 0.0   | 0.01      
     5156 | 30.12         | 722.3    | 21466.06    | 21482.94    | 21752.35     | 21634.86     | 30036146.0    | 21.0      | 5.0            | 0.03 | 33.0 | 47.67     | 0.99     | 0.22      | 1.0       | 0.0        | 0.0   | 0.01      
     5157 | 14.73         | 715.34   | 10410.19    | 10409.15    | 10538.19     | 10545.56     | 18675086.0    | 20.0      | 4.0            | 0.03 | 17.0 | 49.75     | 1.03     | 0.22      | 1.0       | 0.0        | 0.0   | 0.0       
     5158 | 4.92          | 725.83   | 3537.23     | 3523.1      | 3572.07      | 3618.84      | 11071779.0    | 13.0      | 4.0            | 0.02 | 9.0  | 45.8      | 0.95     | 0.28      | 1.0       | 0.0        | 0.0   | 0.0       
-----------------------------------------------------------------------------------------------------------------------------------------------------------------------------|
-> Applied Cuts SHMS: [[Ecal>0.6, Ecal<2.0, CernpeSum>2.0]]
-----------------------------------------------------------------------------------------------------------------------------------------------------------------------------|
RunNumber | Current_BCM4A | BeamTime | Charge_BCM1 | Charge_BCM2 | Charge_BCM4A | Charge_BCM4B | scaler_3of4 | SHMS_count | SHMS_countuncer | Rate | PS3  | Yield_SHMS | RelY_SHMS | Uncer_SHMS | TrEff_SHMS | TrEffuncer | CPULT | CPULTuncer
-----------------------------------------------------------------------------------------------------------------------------------------------------------------------------|
     5154 | 52.05         | 736.6    | 37747.45    | 37749.55    | 38339.79     | 38087.42     | 200972016.0 | 120.0      | 11.0            | 0.16 | 65.0 | 51.39      | 1.0       | 0.09       | 0.69       | 0.15       | 0.02  | 0.01      
     5155 | 44.29         | 759.27   | 33265.09    | 33275.16    | 33625.02     | 33419.37     | 173437024.0 | 176.0      | 13.0            | 0.23 | 33.0 | 48.45      | 0.94      | 0.08       | 0.57       | 0.14       | 0.05  | 0.01      
     5156 | 30.12         | 722.3    | 21466.06    | 21482.94    | 21752.35     | 21634.86     | 110241608.0 | 137.0      | 12.0            | 0.19 | 33.0 | 24.74      | 0.48      | 0.09       | 0.75       | 0.13       | 0.04  | 0.01      
     5157 | 14.73         | 715.34   | 10410.19    | 10409.15    | 10538.19     | 10545.56     | 55788836.0  | 130.0      | 11.0            | 0.18 | 17.0 | 22.8       | 0.44      | 0.09       | 0.38       | 0.2        | 0.09  | 0.0       
     5158 | 4.92          | 725.83   | 3537.23     | 3523.1      | 3572.07      | 3618.84      | 23416504.0  | 71.0       | 8.0             | 0.1  | 9.0  | 4.71       | 0.09      | 0.12       | 0.5        | 0.2        | 0.28  | 0.0       
----------------------------------------------------------------------------------------------------------------------------------------------------------------------|
 |Expanded table, Target carbon| Run Numbers 5154, 5155, 5156, 5157, 5158, 5158| 
-> Applied Cuts HMS: [[Ecal>0.6, Ecal<2.0, CernpeSum>2.0]]
----------------------------------------------------------------------------------------------------------------------------------------------------------------------|
RunNumber | Current_BCM4A | BeamTime | Charge_BCM1 | Charge_BCM2 | Charge_BCM4A | Charge_BCM4B | scaler_ELreal | HMS_count | HMS_countuncer | Rate   | PS3  | Yield_HMS | RelY_HMS | Uncer_HMS | TrEff_HMS | TrEffuncer | CPULT | CPULTuncer
----------------------------------------------------------------------------------------------------------------------------------------------------------------------|
     5154 | 52.05         | 736.6    | 37747.45    | 37749.55    | 38339.79     | 38087.42     | 48326836.0    | 166700.0  | 408.0          | 226.31 | 65.0 | 289.6     | 1.0      | 0.0       | 0.98      | 0.0        | 1.0   | 0.0       
     5155 | 44.29         | 759.27   | 33265.09    | 33275.16    | 33625.02     | 33419.37     | 43120136.0    | 288047.0  | 537.0          | 379.37 | 33.0 | 302.82    | 1.05     | 0.0       | 0.98      | 0.0        | 0.95  | 0.0       
     5156 | 30.12         | 722.3    | 21466.06    | 21482.94    | 21752.35     | 21634.86     | 30036146.0    | 188405.0  | 434.0          | 260.84 | 33.0 | 281.08    | 0.97     | 0.0       | 0.98      | 0.0        | 1.03  | 0.0       
     5157 | 14.73         | 715.34   | 10410.19    | 10409.15    | 10538.19     | 10545.56     | 18675086.0    | 179017.0  | 423.0          | 250.25 | 17.0 | 286.13    | 0.99     | 0.0       | 0.99      | 0.0        | 1.02  | 0.0       
     5158 | 4.92          | 725.83   | 3537.23     | 3523.1      | 3572.07      | 3618.84      | 11071779.0    | 117151.0  | 342.0          | 161.4  | 9.0  | 297.72    | 1.03     | 0.0       | 0.99      | 0.0        | 1.0   | 0.0       
-----------------------------------------------------------------------------------------------------------------------------------------------------------------------------|
-> Applied Cuts SHMS: [[Ecal>0.6, Ecal<2.0, CernpeSum>2.0]]
-----------------------------------------------------------------------------------------------------------------------------------------------------------------------------|
RunNumber | Current_BCM4A | BeamTime | Charge_BCM1 | Charge_BCM2 | Charge_BCM4A | Charge_BCM4B | scaler_3of4 | SHMS_count | SHMS_countuncer | Rate  | PS3  | Yield_SHMS | RelY_SHMS | Uncer_SHMS | TrEff_SHMS | TrEffuncer | CPULT | CPULTuncer
-----------------------------------------------------------------------------------------------------------------------------------------------------------------------------|
     5154 | 52.05         | 736.6    | 37747.45    | 37749.55    | 38339.79     | 38087.42     | 200972016.0 | 36437.0    | 191.0           | 49.47 | 65.0 | 519.64     | 1.0       | 0.01       | 0.89       | 0.0        | 0.53  | 0.0       
     5155 | 44.29         | 759.27   | 33265.09    | 33275.16    | 33625.02     | 33419.37     | 173437024.0 | 17034.0    | 131.0           | 22.43 | 33.0 | 217.87     | 0.42      | 0.01       | 0.9        | 0.01       | 0.66  | 0.0       
     5156 | 30.12         | 722.3    | 21466.06    | 21482.94    | 21752.35     | 21634.86     | 110241608.0 | 36766.0    | 192.0           | 50.9  | 33.0 | 355.62     | 0.68      | 0.01       | 0.93       | 0.0        | 0.66  | 0.0       
     5157 | 14.73         | 715.34   | 10410.19    | 10409.15    | 10538.19     | 10545.56     | 55788836.0  | 36245.0    | 190.0           | 50.67 | 17.0 | 230.74     | 0.44      | 0.01       | 0.95       | 0.0        | 1.02  | 0.0       
     5158 | 4.92          | 725.83   | 3537.23     | 3523.1      | 3572.07      | 3618.84      | 23416504.0  | 11532.0    | 107.0           | 15.89 | 9.0  | 47.89      | 0.09      | 0.01       | 0.97       | 0.0        | 2.3   | 0.0       
----------------------------------------------------------------------------------------------------------------------------------------------------------------------|
 |Expanded table, Target carbon| Run Numbers 5154, 5155, 5156, 5157, 5158, 5158| 
-> Applied Cuts HMS: [[Ecal>0.6, Ecal<2.0, CernpeSum>2.0]]
----------------------------------------------------------------------------------------------------------------------------------------------------------------------|
RunNumber | Current_BCM4A | BeamTime | Charge_BCM1 | Charge_BCM2 | Charge_BCM4A | Charge_BCM4B | scaler_ELreal | HMS_count | HMS_countuncer | Rate   | PS3  | Yield_HMS | RelY_HMS | Uncer_HMS | TrEff_HMS | TrEffuncer | CPULT  | CPULTuncer
----------------------------------------------------------------------------------------------------------------------------------------------------------------------|
     5154 | 52.05         | 736.6    | 37747.45    | 37749.55    | 38339.79     | 38087.42     | 48326836.0    | 166700.0  | 408.0          | 226.31 | 65.0 | -24.37    | 1.0      | 0.0       | 0.98      | 0.0        | -11.87 | 0.0       
     5155 | 44.29         | 759.27   | 33265.09    | 33275.16    | 33625.02     | 33419.37     | 43120136.0    | 288047.0  | 537.0          | 379.37 | 33.0 | -46.4     | 1.9      | 0.0       | 0.98      | 0.0        | -6.21  | 0.0       
     5156 | 30.12         | 722.3    | 21466.06    | 21482.94    | 21752.35     | 21634.86     | 30036146.0    | 188405.0  | 434.0          | 260.84 | 33.0 | -30.85    | 1.27     | 0.0       | 0.98      | 0.0        | -9.42  | 0.0       
     5157 | 14.73         | 715.34   | 10410.19    | 10409.15    | 10538.19     | 10545.56     | 18675086.0    | 179017.0  | 423.0          | 250.25 | 17.0 | -27.55    | 1.13     | 0.0       | 0.99      | 0.0        | -10.61 | 0.0       
     5158 | 4.92          | 725.83   | 3537.23     | 3523.1      | 3572.07      | 3618.84      | 11071779.0    | 117151.0  | 342.0          | 161.4  | 9.0  | -18.47    | 0.76     | 0.0       | 0.99      | 0.0        | -16.13 | 0.0       
-----------------------------------------------------------------------------------------------------------------------------------------------------------------------------|
-> Applied Cuts SHMS: [[Ecal>0.6, Ecal<2.0, CernpeSum>2.0]]
-----------------------------------------------------------------------------------------------------------------------------------------------------------------------------|
RunNumber | Current_BCM4A | BeamTime | Charge_BCM1 | Charge_BCM2 | Charge_BCM4A | Charge_BCM4B | scaler_3of4 | SHMS_count | SHMS_countuncer | Rate  | PS3  | Yield_SHMS | RelY_SHMS | Uncer_SHMS | TrEff_SHMS | TrEffuncer | CPULT  | CPULTuncer
-----------------------------------------------------------------------------------------------------------------------------------------------------------------------------|
     5154 | 52.05         | 736.6    | 37747.45    | 37749.55    | 38339.79     | 38087.42     | 200972016.0 | 36437.0    | 191.0           | 49.47 | 65.0 | -27.03     | 1.0       | 0.01       | 0.89       | 0.0        | -10.11 | 0.0       
     5155 | 44.29         | 759.27   | 33265.09    | 33275.16    | 33625.02     | 33419.37     | 173437024.0 | 17034.0    | 131.0           | 22.43 | 33.0 | -12.78     | 0.47      | 0.01       | 0.9        | 0.01       | -11.27 | 0.0       
     5156 | 30.12         | 722.3    | 21466.06    | 21482.94    | 21752.35     | 21634.86     | 110241608.0 | 36766.0    | 192.0           | 50.9  | 33.0 | -27.88     | 1.03      | 0.01       | 0.93       | 0.0        | -8.39  | 0.0       
     5157 | 14.73         | 715.34   | 10410.19    | 10409.15    | 10538.19     | 10545.56     | 55788836.0  | 36245.0    | 190.0           | 50.67 | 17.0 | -25.47     | 0.94      | 0.01       | 0.95       | 0.0        | -9.21  | 0.0       
     5158 | 4.92          | 725.83   | 3537.23     | 3523.1      | 3572.07      | 3618.84      | 23416504.0  | 11532.0    | 107.0           | 15.89 | 9.0  | -8.81      | 0.33      | 0.01       | 0.97       | 0.0        | -12.52 | 0.0       
----------------------------------------------------------------------------------------------------------------------------------------------------------------------|
 |Expanded table, Target carbon| Run Numbers 5154, 5155, 5156, 5157, 5158, 5158| 
-> Applied Cuts HMS: [[Ecal>0.6, Ecal<2.0, CernpeSum>2.0]]
----------------------------------------------------------------------------------------------------------------------------------------------------------------------|
RunNumber | Current_BCM4A | BeamTime | Charge_BCM1 | Charge_BCM2 | Charge_BCM4A | Charge_BCM4B | scaler_ELreal | HMS_count | HMS_countuncer | Rate   | PS3  | Yield_HMS | RelY_HMS | Uncer_HMS | TrEff_HMS | TrEffuncer | CPULT  | CPULTuncer
----------------------------------------------------------------------------------------------------------------------------------------------------------------------|
     5154 | 52.05         | 736.6    | 37747.45    | 37749.55    | 38339.79     | 38087.42     | 48326836.0    | 166700.0  | 408.0          | 226.31 | 65.0 | -24.37    | 1.0      | 0.0       | 0.98      | 0.0        | -11.87 | 0.0       
     5155 | 44.29         | 759.27   | 33265.09    | 33275.16    | 33625.02     | 33419.37     | 43120136.0    | 288047.0  | 537.0          | 379.37 | 33.0 | -46.4     | 1.9      | 0.0       | 0.98      | 0.0        | -6.21  | 0.0       
     5156 | 30.12         | 722.3    | 21466.06    | 21482.94    | 21752.35     | 21634.86     | 30036146.0    | 188405.0  | 434.0          | 260.84 | 33.0 | -30.85    | 1.27     | 0.0       | 0.98      | 0.0        | -9.42  | 0.0       
     5157 | 14.73         | 715.34   | 10410.19    | 10409.15    | 10538.19     | 10545.56     | 18675086.0    | 179017.0  | 423.0          | 250.25 | 17.0 | -27.55    | 1.13     | 0.0       | 0.99      | 0.0        | -10.61 | 0.0       
     5158 | 4.92          | 725.83   | 3537.23     | 3523.1      | 3572.07      | 3618.84      | 11071779.0    | 117151.0  | 342.0          | 161.4  | 9.0  | -18.47    | 0.76     | 0.0       | 0.99      | 0.0        | -16.13 | 0.0       
-----------------------------------------------------------------------------------------------------------------------------------------------------------------------------|
-> Applied Cuts SHMS: [[Ecal>0.6, Ecal<2.0, CernpeSum>2.0]]
-----------------------------------------------------------------------------------------------------------------------------------------------------------------------------|
RunNumber | Current_BCM4A | BeamTime | Charge_BCM1 | Charge_BCM2 | Charge_BCM4A | Charge_BCM4B | scaler_3of4 | SHMS_count | SHMS_countuncer | Rate  | PS3  | Yield_SHMS | RelY_SHMS | Uncer_SHMS | TrEff_SHMS | TrEffuncer | CPULT  | CPULTuncer
-----------------------------------------------------------------------------------------------------------------------------------------------------------------------------|
     5154 | 52.05         | 736.6    | 37747.45    | 37749.55    | 38339.79     | 38087.42     | 200972016.0 | 36437.0    | 191.0           | 49.47 | 65.0 | -27.03     | 1.0       | 0.01       | 0.89       | 0.0        | -10.11 | 0.0       
     5155 | 44.29         | 759.27   | 33265.09    | 33275.16    | 33625.02     | 33419.37     | 173437024.0 | 17034.0    | 131.0           | 22.43 | 33.0 | -12.78     | 0.47      | 0.01       | 0.9        | 0.01       | -11.27 | 0.0       
     5156 | 30.12         | 722.3    | 21466.06    | 21482.94    | 21752.35     | 21634.86     | 110241608.0 | 36766.0    | 192.0           | 50.9  | 33.0 | -27.88     | 1.03      | 0.01       | 0.93       | 0.0        | -8.39  | 0.0       
     5157 | 14.73         | 715.34   | 10410.19    | 10409.15    | 10538.19     | 10545.56     | 55788836.0  | 36245.0    | 190.0           | 50.67 | 17.0 | -25.47     | 0.94      | 0.01       | 0.95       | 0.0        | -9.21  | 0.0       
     5158 | 4.92          | 725.83   | 3537.23     | 3523.1      | 3572.07      | 3618.84      | 23416504.0  | 11532.0    | 107.0           | 15.89 | 9.0  | -8.81      | 0.33      | 0.01       | 0.97       | 0.0        | -12.52 | 0.0       
----------------------------------------------------------------------------------------------------------------------------------------------------------------------|
 |Expanded table, Target carbon| Run Numbers 5154, 5155, 5156, 5157, 5158, 5158| 
-> Applied Cuts HMS: [[Ecal>0.6, Ecal<2.0, CernpeSum>2.0]]
----------------------------------------------------------------------------------------------------------------------------------------------------------------------|
RunNumber | Current_BCM4A | BeamTime | Charge_BCM1 | Charge_BCM2 | Charge_BCM4A | Charge_BCM4B | scaler_ELreal | HMS_count | HMS_countuncer | Rate   | PS3  | Yield_HMS | RelY_HMS | Uncer_HMS | TrEff_HMS | TrEffuncer | CPULT  | CPULTuncer
----------------------------------------------------------------------------------------------------------------------------------------------------------------------|
     5154 | 52.05         | 736.6    | 37747.45    | 37749.55    | 38339.79     | 38087.42     | 48326836.0    | 167652.0  | 409.0          | 227.6  | 65.0 | -24.58    | 1.0      | 0.0       | 0.98      | 0.0        | -11.84 | 0.0       
     5155 | 44.29         | 759.27   | 33265.09    | 33275.16    | 33625.02     | 33419.37     | 43120136.0    | 289294.0  | 538.0          | 381.02 | 33.0 | -46.85    | 1.91     | 0.0       | 0.98      | 0.0        | -6.18  | 0.0       
     5156 | 30.12         | 722.3    | 21466.06    | 21482.94    | 21752.35     | 21634.86     | 30036146.0    | 189048.0  | 435.0          | 261.73 | 33.0 | -31.13    | 1.27     | 0.0       | 0.98      | 0.0        | -9.36  | 0.0       
     5157 | 14.73         | 715.34   | 10410.19    | 10409.15    | 10538.19     | 10545.56     | 18675086.0    | 179430.0  | 424.0          | 250.83 | 17.0 | -27.9     | 1.13     | 0.0       | 0.99      | 0.0        | -10.5  | 0.0       
     5158 | 4.92          | 725.83   | 3537.23     | 3523.1      | 3572.07      | 3618.84      | 11071779.0    | 117303.0  | 342.0          | 161.61 | 9.0  | -18.87    | 0.77     | 0.0       | 0.99      | 0.0        | -15.81 | 0.0       
-----------------------------------------------------------------------------------------------------------------------------------------------------------------------------|
-> Applied Cuts SHMS: [[Ecal>0.6, Ecal<2.0, CernpeSum>2.0]]
-----------------------------------------------------------------------------------------------------------------------------------------------------------------------------|
RunNumber | Current_BCM4A | BeamTime | Charge_BCM1 | Charge_BCM2 | Charge_BCM4A | Charge_BCM4B | scaler_3of4 | SHMS_count | SHMS_countuncer | Rate | PS3  | Yield_SHMS | RelY_SHMS | Uncer_SHMS | TrEff_SHMS | TrEffuncer | CPULT  | CPULTuncer
-----------------------------------------------------------------------------------------------------------------------------------------------------------------------------|
     5154 | 52.05         | 736.6    | 37747.45    | 37749.55    | 38339.79     | 38087.42     | 200972016.0 | 2798.0     | 53.0            | 3.8  | 65.0 | -2.55      | 1.0       | 0.02       | 0.7        | 0.04       | -10.49 | 0.0       
     5155 | 44.29         | 759.27   | 33265.09    | 33275.16    | 33625.02     | 33419.37     | 173437024.0 | 2332.0     | 48.0            | 3.07 | 33.0 | -2.02      | 0.79      | 0.02       | 0.76       | 0.04       | -11.63 | 0.0       
     5156 | 30.12         | 722.3    | 21466.06    | 21482.94    | 21752.35     | 21634.86     | 110241608.0 | 2442.0     | 49.0            | 3.38 | 33.0 | -2.05      | 0.81      | 0.02       | 0.8        | 0.03       | -8.78  | 0.0       
     5157 | 14.73         | 715.34   | 10410.19    | 10409.15    | 10538.19     | 10545.56     | 55788836.0  | 1870.0     | 43.0            | 2.61 | 17.0 | -1.5       | 0.59      | 0.02       | 0.8        | 0.04       | -9.65  | 0.0       
     5158 | 4.92          | 725.83   | 3537.23     | 3523.1      | 3572.07      | 3618.84      | 23416504.0  | 915.0      | 30.0            | 1.26 | 9.0  | -0.76      | 0.3       | 0.03       | 0.85       | 0.05       | -13.09 | 0.0       
----------------------------------------------------------------------------------------------------------------------------------------------------------------------|
 |Expanded table, Target carbon| Run Numbers 5154, 5155, 5156, 5157, 5158, 5158| 
-> Applied Cuts HMS: [[Ecal>0.6, Ecal<2.0, CernpeSum>2.0]]
----------------------------------------------------------------------------------------------------------------------------------------------------------------------|
RunNumber | Current_BCM4A | BeamTime | Charge_BCM1 | Charge_BCM2 | Charge_BCM4A | Charge_BCM4B | scaler_ELreal | HMS_count | HMS_countuncer | Rate   | PS3  | Yield_HMS | RelY_HMS | Uncer_HMS | TrEff_HMS | TrEffuncer | CPULT | CPULTuncer
----------------------------------------------------------------------------------------------------------------------------------------------------------------------|
     5154 | 52.05         | 736.6    | 37747.45    | 37749.55    | 38339.79     | 38087.42     | 48326836.0    | 167652.0  | 409.0          | 227.6  | 65.0 | 282.08    | 1.0      | 0.0       | 0.98      | 0.0        | 1.03  | 0.0       
     5155 | 44.29         | 759.27   | 33265.09    | 33275.16    | 33625.02     | 33419.37     | 43120136.0    | 289294.0  | 538.0          | 381.02 | 33.0 | 294.1     | 1.04     | 0.0       | 0.98      | 0.0        | 0.98  | 0.0       
     5156 | 30.12         | 722.3    | 21466.06    | 21482.94    | 21752.35     | 21634.86     | 30036146.0    | 189048.0  | 435.0          | 261.73 | 33.0 | 268.08    | 0.95     | 0.0       | 0.98      | 0.0        | 1.09  | 0.0       
     5157 | 14.73         | 715.34   | 10410.19    | 10409.15    | 10538.19     | 10545.56     | 18675086.0    | 179430.0  | 424.0          | 250.83 | 17.0 | 259.24    | 0.92     | 0.0       | 0.99      | 0.0        | 1.13  | 0.0       
     5158 | 4.92          | 725.83   | 3537.23     | 3523.1      | 3572.07      | 3618.84      | 11071779.0    | 117303.0  | 342.0          | 161.61 | 9.0  | 225.46    | 0.8      | 0.0       | 0.99      | 0.0        | 1.32  | 0.0       
-----------------------------------------------------------------------------------------------------------------------------------------------------------------------------|
-> Applied Cuts SHMS: [[Ecal>0.6, Ecal<2.0, CernpeSum>2.0]]
-----------------------------------------------------------------------------------------------------------------------------------------------------------------------------|
RunNumber | Current_BCM4A | BeamTime | Charge_BCM1 | Charge_BCM2 | Charge_BCM4A | Charge_BCM4B | scaler_3of4 | SHMS_count | SHMS_countuncer | Rate | PS3  | Yield_SHMS | RelY_SHMS | Uncer_SHMS | TrEff_SHMS | TrEffuncer | CPULT | CPULTuncer
-----------------------------------------------------------------------------------------------------------------------------------------------------------------------------|
     5154 | 52.05         | 736.6    | 37747.45    | 37749.55    | 38339.79     | 38087.42     | 200972016.0 | 2798.0     | 53.0            | 3.8  | 65.0 | 189.68     | 1.0       | 0.02       | 0.7        | 0.04       | 0.14  | 0.0       
     5155 | 44.29         | 759.27   | 33265.09    | 33275.16    | 33625.02     | 33419.37     | 173437024.0 | 2332.0     | 48.0            | 3.07 | 33.0 | 79.55      | 0.42      | 0.02       | 0.76       | 0.04       | 0.3   | 0.0       
     5156 | 30.12         | 722.3    | 21466.06    | 21482.94    | 21752.35     | 21634.86     | 110241608.0 | 2442.0     | 49.0            | 3.38 | 33.0 | 67.35      | 0.36      | 0.02       | 0.8        | 0.03       | 0.27  | 0.0       
     5157 | 14.73         | 715.34   | 10410.19    | 10409.15    | 10538.19     | 10545.56     | 55788836.0  | 1870.0     | 43.0            | 2.61 | 17.0 | 24.92      | 0.13      | 0.02       | 0.8        | 0.04       | 0.58  | 0.0       
     5158 | 4.92          | 725.83   | 3537.23     | 3523.1      | 3572.07      | 3618.84      | 23416504.0  | 915.0      | 30.0            | 1.26 | 9.0  | 5.76       | 0.03      | 0.03       | 0.85       | 0.05       | 1.73  | 0.0       
----------------------------------------------------------------------------------------------------------------------------------------------------------------------|
 |Expanded table, Target carbon| Run Numbers 5154, 5155, 5156, 5157, 5158, 5158| 
-> Applied Cuts HMS: [[Ecal>0.6, Ecal<2.0, CernpeSum>2.0]]
----------------------------------------------------------------------------------------------------------------------------------------------------------------------|
RunNumber | Current_BCM4A | BeamTime | Charge_BCM1 | Charge_BCM2 | Charge_BCM4A | Charge_BCM4B | scaler_ELreal | HMS_count | HMS_countuncer | Rate   | PS3  | Yield_HMS | RelY_HMS | Uncer_HMS | TrEff_HMS | TrEffuncer | CPULT | CPULTuncer
----------------------------------------------------------------------------------------------------------------------------------------------------------------------|
     5154 | 52.05         | 736.6    | 37747.45    | 37749.55    | 38339.79     | 38087.42     | 48326836.0    | 166700.0  | 408.0          | 226.31 | 65.0 | 289.6     | 1.0      | 0.0       | 0.98      | 0.0        | 1.0   | 0.0       
     5155 | 44.29         | 759.27   | 33265.09    | 33275.16    | 33625.02     | 33419.37     | 43120136.0    | 288047.0  | 537.0          | 379.37 | 33.0 | 302.82    | 1.05     | 0.0       | 0.98      | 0.0        | 0.95  | 0.0       
     5156 | 30.12         | 722.3    | 21466.06    | 21482.94    | 21752.35     | 21634.86     | 30036146.0    | 188405.0  | 434.0          | 260.84 | 33.0 | 281.08    | 0.97     | 0.0       | 0.98      | 0.0        | 1.03  | 0.0       
     5157 | 14.73         | 715.34   | 10410.19    | 10409.15    | 10538.19     | 10545.56     | 18675086.0    | 179017.0  | 423.0          | 250.25 | 17.0 | 286.13    | 0.99     | 0.0       | 0.99      | 0.0        | 1.02  | 0.0       
     5158 | 4.92          | 725.83   | 3537.23     | 3523.1      | 3572.07      | 3618.84      | 11071779.0    | 117151.0  | 342.0          | 161.4  | 9.0  | 297.72    | 1.03     | 0.0       | 0.99      | 0.0        | 1.0   | 0.0       
-----------------------------------------------------------------------------------------------------------------------------------------------------------------------------|
-> Applied Cuts SHMS: [[Ecal>0.6, Ecal<2.0, CernpeSum>2.0]]
-----------------------------------------------------------------------------------------------------------------------------------------------------------------------------|
RunNumber | Current_BCM4A | BeamTime | Charge_BCM1 | Charge_BCM2 | Charge_BCM4A | Charge_BCM4B | scaler_3of4 | SHMS_count | SHMS_countuncer | Rate  | PS3  | Yield_SHMS | RelY_SHMS | Uncer_SHMS | TrEff_SHMS | TrEffuncer | CPULT | CPULTuncer
-----------------------------------------------------------------------------------------------------------------------------------------------------------------------------|
     5154 | 52.05         | 736.6    | 37747.45    | 37749.55    | 38339.79     | 38087.42     | 200972016.0 | 36437.0    | 191.0           | 49.47 | 65.0 | 519.64     | 1.0       | 0.01       | 0.89       | 0.0        | 0.53  | 0.0       
     5155 | 44.29         | 759.27   | 33265.09    | 33275.16    | 33625.02     | 33419.37     | 173437024.0 | 17034.0    | 131.0           | 22.43 | 33.0 | 217.87     | 0.42      | 0.01       | 0.9        | 0.01       | 0.66  | 0.0       
     5156 | 30.12         | 722.3    | 21466.06    | 21482.94    | 21752.35     | 21634.86     | 110241608.0 | 36766.0    | 192.0           | 50.9  | 33.0 | 355.62     | 0.68      | 0.01       | 0.93       | 0.0        | 0.66  | 0.0       
     5157 | 14.73         | 715.34   | 10410.19    | 10409.15    | 10538.19     | 10545.56     | 55788836.0  | 36245.0    | 190.0           | 50.67 | 17.0 | 230.74     | 0.44      | 0.01       | 0.95       | 0.0        | 1.02  | 0.0       
     5158 | 4.92          | 725.83   | 3537.23     | 3523.1      | 3572.07      | 3618.84      | 23416504.0  | 11532.0    | 107.0           | 15.89 | 9.0  | 47.89      | 0.09      | 0.01       | 0.97       | 0.0        | 2.3   | 0.0       
----------------------------------------------------------------------------------------------------------------------------------------------------------------------|
 |Expanded table, Target carbon| Run Numbers 5154, 5155, 5156, 5157, 5158, 5158| 
-> Applied Cuts HMS: [[Ecal>0.6, Ecal<2.0, CernpeSum>2.0]]
----------------------------------------------------------------------------------------------------------------------------------------------------------------------|
RunNumber | Current_BCM4A | BeamTime | Charge_BCM1 | Charge_BCM2 | Charge_BCM4A | Charge_BCM4B | scaler_ELreal | HMS_count | HMS_countuncer | Rate   | PS3  | Yield_HMS | RelY_HMS | Uncer_HMS | TrEff_HMS | TrEffuncer | CPULT  | CPULTuncer
----------------------------------------------------------------------------------------------------------------------------------------------------------------------|
     5154 | 52.05         | 736.6    | 37747.45    | 37749.55    | 38339.79     | 38087.42     | 48326836.0    | 166700.0  | 408.0          | 226.31 | 65.0 | -24.37    | 1.0      | 0.0       | 0.98      | 0.0        | -11.87 | 0.0       
     5155 | 44.29         | 759.27   | 33265.09    | 33275.16    | 33625.02     | 33419.37     | 43120136.0    | 288047.0  | 537.0          | 379.37 | 33.0 | -46.4     | 1.9      | 0.0       | 0.98      | 0.0        | -6.21  | 0.0       
     5156 | 30.12         | 722.3    | 21466.06    | 21482.94    | 21752.35     | 21634.86     | 30036146.0    | 188405.0  | 434.0          | 260.84 | 33.0 | -30.85    | 1.27     | 0.0       | 0.98      | 0.0        | -9.42  | 0.0       
     5157 | 14.73         | 715.34   | 10410.19    | 10409.15    | 10538.19     | 10545.56     | 18675086.0    | 179017.0  | 423.0          | 250.25 | 17.0 | -27.55    | 1.13     | 0.0       | 0.99      | 0.0        | -10.61 | 0.0       
     5158 | 4.92          | 725.83   | 3537.23     | 3523.1      | 3572.07      | 3618.84      | 11071779.0    | 117151.0  | 342.0          | 161.4  | 9.0  | -18.47    | 0.76     | 0.0       | 0.99      | 0.0        | -16.13 | 0.0       
-----------------------------------------------------------------------------------------------------------------------------------------------------------------------------|
-> Applied Cuts SHMS: [[Ecal>0.6, Ecal<2.0, CernpeSum>2.0]]
-----------------------------------------------------------------------------------------------------------------------------------------------------------------------------|
RunNumber | Current_BCM4A | BeamTime | Charge_BCM1 | Charge_BCM2 | Charge_BCM4A | Charge_BCM4B | scaler_3of4 | SHMS_count | SHMS_countuncer | Rate  | PS3  | Yield_SHMS | RelY_SHMS | Uncer_SHMS | TrEff_SHMS | TrEffuncer | CPULT  | CPULTuncer
-----------------------------------------------------------------------------------------------------------------------------------------------------------------------------|
     5154 | 52.05         | 736.6    | 37747.45    | 37749.55    | 38339.79     | 38087.42     | 200972016.0 | 36437.0    | 191.0           | 49.47 | 65.0 | -27.03     | 1.0       | 0.01       | 0.89       | 0.0        | -10.11 | 0.0       
     5155 | 44.29         | 759.27   | 33265.09    | 33275.16    | 33625.02     | 33419.37     | 173437024.0 | 17034.0    | 131.0           | 22.43 | 33.0 | -12.78     | 0.47      | 0.01       | 0.9        | 0.01       | -11.27 | 0.0       
     5156 | 30.12         | 722.3    | 21466.06    | 21482.94    | 21752.35     | 21634.86     | 110241608.0 | 36766.0    | 192.0           | 50.9  | 33.0 | -27.88     | 1.03      | 0.01       | 0.93       | 0.0        | -8.39  | 0.0       
     5157 | 14.73         | 715.34   | 10410.19    | 10409.15    | 10538.19     | 10545.56     | 55788836.0  | 36245.0    | 190.0           | 50.67 | 17.0 | -25.47     | 0.94      | 0.01       | 0.95       | 0.0        | -9.21  | 0.0       
     5158 | 4.92          | 725.83   | 3537.23     | 3523.1      | 3572.07      | 3618.84      | 23416504.0  | 11532.0    | 107.0           | 15.89 | 9.0  | -8.81      | 0.33      | 0.01       | 0.97       | 0.0        | -12.52 | 0.0       
----------------------------------------------------------------------------------------------------------------------------------------------------------------------|
 |Expanded table, Target carbon| Run Numbers 5154, 5155, 5156, 5157, 5158, 5158| 
-> Applied Cuts HMS: [[Ecal>0.6, Ecal<2.0, CernpeSum>2.0]]
----------------------------------------------------------------------------------------------------------------------------------------------------------------------|
RunNumber | Current_BCM4A | BeamTime | Charge_BCM1 | Charge_BCM2 | Charge_BCM4A | Charge_BCM4B | scaler_ELreal | HMS_count | HMS_countuncer | Rate | PS3  | Yield_HMS | RelY_HMS | Uncer_HMS | TrEff_HMS | TrEffuncer | CPULT | CPULTuncer
----------------------------------------------------------------------------------------------------------------------------------------------------------------------|
     5154 | 52.05         | 736.6    | 37747.45    | 37749.55    | 38339.79     | 38087.42     | 48326836.0    | 20.0      | 4.0            | 0.03 | 65.0 | 48.16     | 1.0      | 0.22      | 1.0       | 0.0        | 0.0   | 0.01      
     5155 | 44.29         | 759.27   | 33265.09    | 33275.16    | 33625.02     | 33419.37     | 43120136.0    | 35.0      | 6.0            | 0.05 | 33.0 | 48.91     | 1.02     | 0.17      | 1.0       | 0.0        | 0.0   | 0.01      
     5156 | 30.12         | 722.3    | 21466.06    | 21482.94    | 21752.35     | 21634.86     | 30036146.0    | 21.0      | 5.0            | 0.03 | 33.0 | 47.67     | 0.99     | 0.22      | 1.0       | 0.0        | 0.0   | 0.01      
     5157 | 14.73         | 715.34   | 10410.19    | 10409.15    | 10538.19     | 10545.56     | 18675086.0    | 20.0      | 4.0            | 0.03 | 17.0 | 49.75     | 1.03     | 0.22      | 1.0       | 0.0        | 0.0   | 0.0       
     5158 | 4.92          | 725.83   | 3537.23     | 3523.1      | 3572.07      | 3618.84      | 11071779.0    | 13.0      | 4.0            | 0.02 | 9.0  | 45.8      | 0.95     | 0.28      | 1.0       | 0.0        | 0.0   | 0.0       
-----------------------------------------------------------------------------------------------------------------------------------------------------------------------------|
-> Applied Cuts SHMS: [[Ecal>0.6, Ecal<2.0, CernpeSum>2.0]]
-----------------------------------------------------------------------------------------------------------------------------------------------------------------------------|
RunNumber | Current_BCM4A | BeamTime | Charge_BCM1 | Charge_BCM2 | Charge_BCM4A | Charge_BCM4B | scaler_3of4 | SHMS_count | SHMS_countuncer | Rate | PS3  | Yield_SHMS | RelY_SHMS | Uncer_SHMS | TrEff_SHMS | TrEffuncer | CPULT | CPULTuncer
-----------------------------------------------------------------------------------------------------------------------------------------------------------------------------|
     5154 | 52.05         | 736.6    | 37747.45    | 37749.55    | 38339.79     | 38087.42     | 200972016.0 | 120.0      | 11.0            | 0.16 | 65.0 | 51.39      | 1.0       | 0.09       | 0.69       | 0.15       | 0.02  | 0.01      
     5155 | 44.29         | 759.27   | 33265.09    | 33275.16    | 33625.02     | 33419.37     | 173437024.0 | 176.0      | 13.0            | 0.23 | 33.0 | 48.45      | 0.94      | 0.08       | 0.57       | 0.14       | 0.05  | 0.01      
     5156 | 30.12         | 722.3    | 21466.06    | 21482.94    | 21752.35     | 21634.86     | 110241608.0 | 137.0      | 12.0            | 0.19 | 33.0 | 24.74      | 0.48      | 0.09       | 0.75       | 0.13       | 0.04  | 0.01      
     5157 | 14.73         | 715.34   | 10410.19    | 10409.15    | 10538.19     | 10545.56     | 55788836.0  | 130.0      | 11.0            | 0.18 | 17.0 | 22.8       | 0.44      | 0.09       | 0.38       | 0.2        | 0.09  | 0.0       
     5158 | 4.92          | 725.83   | 3537.23     | 3523.1      | 3572.07      | 3618.84      | 23416504.0  | 71.0       | 8.0             | 0.1  | 9.0  | 4.71       | 0.09      | 0.12       | 0.5        | 0.2        | 0.28  | 0.0       
----------------------------------------------------------------------------------------------------------------------------------------------------------------------|
 |Expanded table, Target carbon| Run Numbers 5154, 5155, 5156, 5157, 5158, 5158| 
-> Applied Cuts HMS: [[Ecal>0.6, Ecal<2.0, CernpeSum>2.0]]
----------------------------------------------------------------------------------------------------------------------------------------------------------------------|
RunNumber | Current_BCM4A | BeamTime | Charge_BCM1 | Charge_BCM2 | Charge_BCM4A | Charge_BCM4B | scaler_ELreal | HMS_count | HMS_countuncer | Rate | PS3  | Yield_HMS | RelY_HMS | Uncer_HMS | TrEff_HMS | TrEffuncer | CPULT  | CPULTuncer
----------------------------------------------------------------------------------------------------------------------------------------------------------------------|
     5154 | 52.05         | 736.6    | 37747.45    | 37749.55    | 38339.79     | 38087.42     | 48326836.0    | 20.0      | 4.0            | 0.03 | 65.0 | -0.0      | 1.0      | 0.22      | 1.0       | 0.0        | -12.87 | 0.01      
     5155 | 44.29         | 759.27   | 33265.09    | 33275.16    | 33625.02     | 33419.37     | 43120136.0    | 35.0      | 6.0            | 0.05 | 33.0 | -0.0      | 1.82     | 0.17      | 1.0       | 0.0        | -7.17  | 0.01      
     5156 | 30.12         | 722.3    | 21466.06    | 21482.94    | 21752.35     | 21634.86     | 30036146.0    | 21.0      | 5.0            | 0.03 | 33.0 | -0.0      | 1.16     | 0.22      | 1.0       | 0.0        | -10.45 | 0.01      
     5157 | 14.73         | 715.34   | 10410.19    | 10409.15    | 10538.19     | 10545.56     | 18675086.0    | 20.0      | 4.0            | 0.03 | 17.0 | -0.0      | 1.05     | 0.22      | 1.0       | 0.0        | -11.63 | 0.0       
     5158 | 4.92          | 725.83   | 3537.23     | 3523.1      | 3572.07      | 3618.84      | 11071779.0    | 13.0      | 4.0            | 0.02 | 9.0  | -0.0      | 0.73     | 0.28      | 1.0       | 0.0        | -17.13 | 0.0       
-----------------------------------------------------------------------------------------------------------------------------------------------------------------------------|
-> Applied Cuts SHMS: [[Ecal>0.6, Ecal<2.0, CernpeSum>2.0]]
-----------------------------------------------------------------------------------------------------------------------------------------------------------------------------|
RunNumber | Current_BCM4A | BeamTime | Charge_BCM1 | Charge_BCM2 | Charge_BCM4A | Charge_BCM4B | scaler_3of4 | SHMS_count | SHMS_countuncer | Rate | PS3  | Yield_SHMS | RelY_SHMS | Uncer_SHMS | TrEff_SHMS | TrEffuncer | CPULT  | CPULTuncer
-----------------------------------------------------------------------------------------------------------------------------------------------------------------------------|
     5154 | 52.05         | 736.6    | 37747.45    | 37749.55    | 38339.79     | 38087.42     | 200972016.0 | 120.0      | 11.0            | 0.16 | 65.0 | -0.11      | 1.0       | 0.09       | 0.69       | 0.15       | -10.61 | 0.01      
     5155 | 44.29         | 759.27   | 33265.09    | 33275.16    | 33625.02     | 33419.37     | 173437024.0 | 176.0      | 13.0            | 0.23 | 33.0 | -0.2       | 1.81      | 0.08       | 0.57       | 0.14       | -11.88 | 0.01      
     5156 | 30.12         | 722.3    | 21466.06    | 21482.94    | 21752.35     | 21634.86     | 110241608.0 | 137.0      | 12.0            | 0.19 | 33.0 | -0.12      | 1.1       | 0.09       | 0.75       | 0.13       | -9.0   | 0.01      
     5157 | 14.73         | 715.34   | 10410.19    | 10409.15    | 10538.19     | 10545.56     | 55788836.0  | 130.0      | 11.0            | 0.18 | 17.0 | -0.21      | 1.93      | 0.09       | 0.38       | 0.2        | -10.14 | 0.0       
     5158 | 4.92          | 725.83   | 3537.23     | 3523.1      | 3572.07      | 3618.84      | 23416504.0  | 71.0       | 8.0             | 0.1  | 9.0  | -0.09      | 0.82      | 0.12       | 0.5        | 0.2        | -14.55 | 0.0       
