----------------------------------------------------------------------------------------------------------------------------------------------------------------------|
 |Expanded table, Target carbon| Run Numbers 5154, 5155, 5156, 5157, 5158, 5158| 
-> Applied Cuts HMS: [[Ecal>0.6, Ecal<2.0, CernpeSum>2.0]]
----------------------------------------------------------------------------------------------------------------------------------------------------------------------|
RunNumber | Current_BCM4A | BeamTime | Charge_BCM1 | Charge_BCM2 | Charge_BCM4A | Charge_BCM4B | scaler_ELreal | HMS_count | HMS_countuncer | Rate | PS3  | Yield_HMS | RelY_HMS | Uncer_HMS | TrEff_HMS | TrEffuncer | CPULT  | CPULTuncer
----------------------------------------------------------------------------------------------------------------------------------------------------------------------|
     5154 | 52.05         | 736.6    | 37747.45    | 37749.55    | 38339.79     | 38087.42     | 48326836.0    | 20.0      | 4.0            | 0.03 | 65.0 | -0.0      | 1.0      | 0.22      | 1.0       | 0.0        | -12.87 | 0.01      
     5155 | 44.29         | 759.27   | 33265.09    | 33275.16    | 33625.02     | 33419.37     | 43120136.0    | 35.0      | 6.0            | 0.05 | 33.0 | -0.0      | 1.82     | 0.17      | 1.0       | 0.0        | -7.17  | 0.01      
     5156 | 30.12         | 722.3    | 21466.06    | 21482.94    | 21752.35     | 21634.86     | 30036146.0    | 21.0      | 5.0            | 0.03 | 33.0 | -0.0      | 1.16     | 0.22      | 1.0       | 0.0        | -10.45 | 0.01      
     5157 | 14.73         | 715.34   | 10410.19    | 10409.15    | 10538.19     | 10545.56     | 18675086.0    | 20.0      | 4.0            | 0.03 | 17.0 | -0.0      | 1.05     | 0.22      | 1.0       | 0.0        | -11.63 | 0.0       
     5158 | 4.92          | 725.83   | 3537.23     | 3523.1      | 3572.07      | 3618.84      | 11071779.0    | 13.0      | 4.0            | 0.02 | 9.0  | -0.0      | 0.73     | 0.28      | 1.0       | 0.0        | -17.13 | 0.0       
-----------------------------------------------------------------------------------------------------------------------------------------------------------------------------|
-> Applied Cuts SHMS: [[Ecal>0.6, Ecal<2.0, CernpeSum>2.0]]
-----------------------------------------------------------------------------------------------------------------------------------------------------------------------------|
RunNumber | Current_BCM4A | BeamTime | Charge_BCM1 | Charge_BCM2 | Charge_BCM4A | Charge_BCM4B | scaler_3of4 | SHMS_count | SHMS_countuncer | Rate | PS3  | Yield_SHMS | RelY_SHMS | Uncer_SHMS | TrEff_SHMS | TrEffuncer | CPULT  | CPULTuncer
-----------------------------------------------------------------------------------------------------------------------------------------------------------------------------|
     5154 | 52.05         | 736.6    | 37747.45    | 37749.55    | 38339.79     | 38087.42     | 200972016.0 | 120.0      | 11.0            | 0.16 | 65.0 | -0.11      | 1.0       | 0.09       | 0.69       | 0.15       | -10.61 | 0.01      
     5155 | 44.29         | 759.27   | 33265.09    | 33275.16    | 33625.02     | 33419.37     | 173437024.0 | 176.0      | 13.0            | 0.23 | 33.0 | -0.2       | 1.81      | 0.08       | 0.57       | 0.14       | -11.88 | 0.01      
     5156 | 30.12         | 722.3    | 21466.06    | 21482.94    | 21752.35     | 21634.86     | 110241608.0 | 137.0      | 12.0            | 0.19 | 33.0 | -0.12      | 1.1       | 0.09       | 0.75       | 0.13       | -9.0   | 0.01      
     5157 | 14.73         | 715.34   | 10410.19    | 10409.15    | 10538.19     | 10545.56     | 55788836.0  | 130.0      | 11.0            | 0.18 | 17.0 | -0.21      | 1.93      | 0.09       | 0.38       | 0.2        | -10.14 | 0.0       
     5158 | 4.92          | 725.83   | 3537.23     | 3523.1      | 3572.07      | 3618.84      | 23416504.0  | 71.0       | 8.0             | 0.1  | 9.0  | -0.09      | 0.82      | 0.12       | 0.5        | 0.2        | -14.55 | 0.0       
